30 111. DII. DEAE. MYTHOLOGIGA vAmA.

Ν. 1111111 1331. Ν. 111111111111 11111111 11 1111111
Ν. 11111111 3911. 5661. 5365. 0935. 811111111111 (111) 111. 1031.
7050. N. 1111111111111 1135.
Ν. 11111111 111111 1331) , Ν. 1111111 1031.
Ν. 11111 3111. 0111111111, 1.1)11 0.
1111111111, 1. 11111111. 01111111 1557. 155811.

1111111. 111- 3037. 0111111111 1111. 1111. 0111. Ρ111111. ’

Ν111111115857. 5858. 111111. 11. 1111.
Ν11111 11111111 1031. 5905. 011 1111. 0111. 11111. 111111. 11. 111.
1111 Ν.. 1. 1111. 1501.
Ν11111,111111111- 185111. 0. Aug. 0115.
Ν11111115839. 0. 111111 183111.
Numen 1111111 103011. 01111 1581.
Ν. 1111111. 101. 177. 101. 008. 680. 01111111. 1111 -· 0771.
1983. 3189. 3103. 3953. 5310. 0111111931.
5339. 5359. 5873. 590011. 11111- 01111111. 1. 1111111111.
111111111111111. 011111 1885. 1880. 1760.
Ν1111111111.330. 307. 1801. 1895. 11111111 1718.
1815. 1961. 3339. 5879. 0587. Ρ11111855. 1130.
11111111111111111110111111 57581. Ρ. 1111111 1311,1.
Numen 0111111111 3193. Ρ11 1135·
Numen 111 11111111111111111 5351. Ρ11111115710.
Ν1111111111111 1111. 805. Pentheum 3110. 3111. 3111. 3931.
1111111111. 111111. 111. 177. Ρ. Aug. 3111. 5319.
Numen 11111111 1111. 5118. 11111 1111111 P. 5918.
Ν111111 01111111 1081. 1111111 Ρ. 3111. 1113.
Numen dominorum 1389. Ρ11111 1778. 3103. 33511819.
Numen 1111111111. (1111. 0111. Ν11- Ρ. Aug. 1779.
111111111101111111111) 1535. 11111111, 1. 111 1.
Numen 111111 Augustae 11111111 811- Peter 01111111 1858.
1111 111111111 1590 = 3518. Ρ11 1370. 5359.
Numen 111111 11111111 15. 15902 Ρ. 111111111111111111111111111011-

3518. 1011. 11111111. liberorumque 1111710. 1

Numen 111111 Augustorum 181311. Ρ. Augusta K. Ρ1.11.111.11.11111.
Ν1111111111111111111 1770. 11. 11111. 181311. 1815. 0115.
Numen Victorino 1111. 0111. 11. Au· Ρ11111, 111 - 1856.
1111111111111 Aug. 1111111 111111· Ρ. benefice 185511.
1110551. Ρ111111 1581. 1075.
Numen 0111111110 (11111111 791. 1111111111. 1. 380. 351. 10711317,
(71111 11111111 numinum 11111111. 117811555770. 59110139. 7131.
110111 11111111). Ρ. domus 111111110110.
11111111, 111 - 1030. Ρ. 1111111111 3118.
Ν1111111111, 1. 51111. Ρ. 1111111 1587.
Nymphae 180. 305. 113113331037. Ρ111111111, 1. 1111111111.
1013. 1331. 3300. 5109. 5711. Ρ11111111111108091.
5705. 7305. 111111 111. 11, 1. 381.
11111 Ν. 7118. Ρ11111111111.0187. 11111111111111111-
Ν. ,11101 1111111111 101811. 1111111111111111111111 11. 1113.
Ν. 111. 1131. 1089. 3311. 0150. Ρ11111 1731. 1831. 3391. 1577.
Ν. 1111111111111. 1037. Ρ. 1111111 1815.
Ν. 1111111 5758. Ρ. 1111111111 111111111113913.
Ν. 0111111111 5707. Ρ111111111111111111111 185711.
Ν. 11111111 5753. ΡΙ11ο 1173. 1801. 17013 1819. 5711.
Ν. 0111111111 3111. 11111111 Ρ. 111111111. 1398.”
Ν. 11111100. Ρ. 11111111 1171·
Ν. Ν1111111, 111110115793. 5780. Ρ. 1111111111 1110.
Ν. 11111 1031. Poeninus 1301313331 1. 11111111 Ρ.
Ν. 111. 1111111111 5708. Ρ111111501.150511.1506. 1571. 1993.
1111111111 Ν. 111111111 11111111111013. 3905. 3113. 3198. 3373. 5731. 0110.
Ν. 1111 111 11111 1111 103011. Ρ1111111 1011.
Ν. 11111111111 103311. Ρ111111111111111 3071.

 

