1111.Ι mmmm mu.

111111111111111111111141. . ,
111111111111111111811. .
1. 1111 111111111111111111 1111.

81111111 1111114417.

11111111111111. 11111 1184.

811111114113. 4114.

(1111111111 4881.

8111111 11111 1111111111 11111111 11111

eum 1111111,1φ1111.4117.

8111111111 8141. 1111.

1111111111 1111111.4111.7811.7111.

1111111118.8111.1111.7111.

cuneus 1111. 111111. 1141. 1114.

111111114111. 1188.

Cum 1111111111 1588.

(11111 11111111 111111. 4111111111·

111111 7111.
8111111311 monumentorum 4111. 4111

11111111 1111111111 1111111111 11.

cylindri 1111.

Damnum 1111111111 1418.

1111 amatur autunum 1111111111 4188.
4147. 7148.

1111111111 7818. Ι

1111111111 1111111111 4481.

811111111111 111. y

1111111111) 11111 1178.

, 1111111111.

11111111 populi 11111111 1111.
1111111111 1171. 1181. 1111111. 11111111
8111414144, 84414111 1115

1111111184.
111111119181111 1111111 1111111 11111111

1111111111. 8181.
1111111111 1111111111. 111111. 1411. 4157
811111117155.
1111111111 14 aptitudinem 4111 4114.
11111111111117111.
1111111111 1111111111, 1. 11111111νί11·
11111.
1111111111 1111111111 (1) 17.
1111111, 11111 4111. 4411. 4518.
11111 11111111 5111·
1111117111.
8111111 4411.
141111114711. 7114.
d. gludnntorum 1148.”
1. [annorumve. ’
d. 11111111114411. 7111.
1111111417. =
1111111111 1111.
11111111 1417.
¹ 111111111117111.
- 1111111111 1148.
111111111111111111111,111111114111,
11111111111111111. 1111111 114.
·771. 1118. 1181. 1181. 8111. 1714.

count. 4111111111. 1111111111.

1711.. 1188. 4141. 8818. 8818.
8817. 1141. 1141. 1881. 4117.
4111. 4118. 4171. 4111.,1888.
⁷¹⁰¹· ¹⁷¹⁰& ⁷¹¹⁶· ⁷¹¹⁰· ⁷¹„-
7145. 7171. 7171. 7118. 7181.
Doctus 11 compendia 111111111111111
1111111111111111111111111111111
111111 1111111 1111111 1811.
decu 1111111 111111 11111 8111·
1111111111111111 11111 111111 4111.
1. 11. 11 11111 1111111111 4114. 4181.
1111111111 4111.
11111111114584.
nomiman 114. ’
1111ξὲ61111 11. 4181- 4588. 4811.

1οῧὶ1711111111· 111 11111 11111111

1. 11111111114118111.

, . 1111141111111111811484.1148111.

d Aug 11111111 1117. 1158.
(1.11111111111711.

; 11111111111111111111.1111.1111111

1111111111 4411. 7111.
811111 11111111 111157188. 1181 m
Effigies 11111111 11111111 1111111111
111111111 1148.
8111111111 1111111111 11111 4481.
8111111111 11111 1811.
8111111111 1111. ·
Empta? 1111
11111111111111111111111814.
11111111111111111111111 1171.
uptam· 1111.
8111111111 8811.
nunqu· 8178.
Epitaphium? 4118. ··
11111111111111111ς111111111.
1. 1111111 1811. '< ·
1. duplum 8741.
1. 1111111111 1811.
1111111111111111117178.
11 1111111111 1 decurionatum 11111
monumentum 1111111 1111111 Rs

' Equorum 1111111 11188.Ι 4811. ·

111111111111 8188· ’

11111 1111111 1111111 1181. ·
8111111111 5¹³9.-
8111111 1111. ’

1111114418 111. ·
11111 1111111 11111111111111 4418.
811111111111111111111111111411111·

1111 4811-11.
8111111ε111111181

8111111 4714.
8111117148.

’ 1111111111. ’

81111 1111.
1111111111 111111 7141·
81111111 1111.

 

