116

11111111 1111111111, 1111111111 11111,
11111111111111, elerum 111. 1111111.
1111111111 1111111111 111111 8171.

vm. 668 6116181613.

111. 111. 11 11111111 111111111111-
111111 6715.
es· 1111. 11 1111111111.

61111111 8161. 8178. 8517.1555.1588 1111111111 1111111116778.

56851111. 1181. 11.
11111111111. 566. 1618. 8175. 8111.

11111111 1181. 1111111111 8511.
el. 1111..1111. 111., 111. 11111.

8185. 8188. 8568. 8888. 1585. 11111111, 1. 11111. 11.
1887. 5686511176. 8767. 8771. 11111111111111111118788.

6785. 7881.
1111. 6111111. 15811.
1111. 1. Τί. 6111811 6111111111. 868.

8111111181 8871.
11181111, m. 1111111111, 1111111111, 1.

1111, 11111. 11.,1116.,111., 1111.

1111. 1111. 61111. 11. 11111111 11 81111118178.

Commod! 8157.
111111111 18 111., 111111 11111111
111. 6785.
1111111111888. 8181. 8815.
11 111111181111111 8888.
61111111111111111 8181. 5688.
111111111 8576.
61111111, 1. 1111 1111111111.
61111111. 1. 1111111.
6111181111. 1. 1181. 11. 11 11. 11111.
6111111111 1111118111 8581.
111 1181111111 8176.
81811111111,1. 1111.
11111111111. 1111.
811111116858.
61111111 81881.
1111111111 8155.
1. 1111111· 8588.
1. 11111 6788.
⁰!- 811·
11111111111,1. 11111. 111.
6111111111, 11111, 11111. 111. 1111111.
1111111111 1111111111 168. 8165.
11111111 (11111111 6818.
ef. 1111..·1111. 111., 111. 11111.
1111111111 868. 571. 588. 581.” 8117.
8118. 8118. 5881. 5885. 8718.
1111. 1111111 588. 88111. 658. 886.
18 1118111811 8181.
111181111, 11111111111. 6811.
11111111,1. 1118. 11.
11111111 1111111111 111., v. 1181111.
1111111 8878.
111. 111. 888.
1111. 111111111111111111 11 cep-
11811118811.
111. 11 111111 8111811 8111111111 1111·
111111756-
111. 6111 11111181 11111111118188.
111. 11. 11. 118 8111 1111. 8111111
Nem 7111111111. Germ. 611. 11
bello 611111 5118.
111. 1111. 61811111 11 1111811111
1181111 6866.
111. 111. ..... 11118811118868.
111. 111111. 8111111 8111111111. 11
· 7111111. 8151.

m. 1111111111 8588.
11. 1111. 11 11111. 11.

Α 6111111118685. 8586. 8561. 8568. 6616.

6818. 71861. 71861.
A 11111111 1111111111 71868.
1111 111111. 8178. 8887.
1111111 11111111 1111111111) 1168.
11111111111111111811 1111111111 6886.
11111811 1111111111 1111118811 111-
, 11111111 1558.
11111111 1111111 8588. 8888 (1).
1111111 111111. 11111111 111. 81118
8181111811 1111111111111 11811111
18 benum 8111111111 8888.
111111 1111111 811. 8658. 8578. 8866.
8581. 8585. 1817. 6788. 8857.
8886. 6888. 8888.
1111111111 111111111 1188.
1111111111 111111111 1811.
1111111 (1111. 1111 11.) 1887.
1111111 1111111111111111 11118. 111
11. 5787.
u. 811. m. 18111171111111111111
111. Ger. 611. 81111. 8788.
m. 18 1111. 61811111 111. 8188.
111. 1111111111 8111111 18 1111. 11-
111111 111. 81111 11 111111111 ’
1111. 61811111 111. 1111118111 11
11111111 111111 11811111 11111111

· 111111111 8871.

m. 111. 11. 11111111 eb 1111111 111·
11111111. 6111. 7111111111. 6711.

1111111 11111. 11111. 8818.

1111111111 8588.
m. 1111 61118111 eene 8868.
11. 11 118. 8111111111111) 6681.
111111 1111111111 81. 61111111 6111

111. 61. 1111111 8578.

1111111111 8581

1111111 11111111 1111111111 787. 881.
8177. 5187. 8118. M. 8186.
5188. 5118. 88861 5581. 6857.
88571. 8858. 885818851.

61111 1765. 1888. 8111.

1. 1111181111 1111118718.

1. 1111111116778.

e. 11111111111118188.

1. 1111118111111 818811861. 1881.

111111, 1111. 111., 111., 111., um.

 

