111. DII. nm. MYTHOLOGICA 9111111.

’1111111111 1993.

Triptolemus 1311, i..

7111019090.

’1111111 889. 9101. 91051 11. 911111
11111111.

1111111730. 1737. 1837. 5371.

01111 11111111, 1. 11111 1.
T· 111. 108.

T. domur 111111... 1700.
’1. iuius 1111 1199 = 3158.

’11191111 199311.

911111111111, 1. 1111111111 9.

911111 181711.

9111111111 111,111-· 11 1111) 5918.

91111111 1819.

91111111111111, 1. 1111111111 9.

9111115919.

91111111, 1. 1111111111 9.

91111, 1. 91111.

9111111111, 1. 1111111111 9.

9111111111. 91. 111. 11111. 11111.

9. 111111987.

91111 1310. 5988. 5910.

91111 (111) 11111111 1111111111111111-
1111111971.

9111111 5711.

91111111. 91. 11111111. 0111. 111. 111.
1358· 9199. 9115. 3889. 1151.
1113. 5117. 5315. 5171. 5981.
0119. 9911. 7995. 7991. 1111111
91111111 111. 111. 111. 11, 1. 380.

9. 1111115.

9. 1111. 1390.

V. 11111111 (111) 9331.

9. 111111111111. 1359.

9. 01111111) 1359.

9. 0111111599.

9. 111111111111 131911.

9. Erycina 9301·(1). 5177.
9. 11. 11111111393.“
9. 1111111111 iiiiii.

9. 11111 1911. 1031.

9111101 111111111111 1111111 1111111
1111111111 11111111 1111111111 11111

9111111 1370.

9. i. 9111111111 7991.

9. 919111 11111111 1387.

9111111111 011111 1319.

9111111111 11. 91.11. 8111. 1958·
137711. 1019. ’
11119. 11111111 1371.

9.11111111111,1. V. 11111111.

9. 1111111111 9111111111111111 1319.
9. 111111111111(Ι1)11111111 7991.

9111119187.

9. 91111111371.1

9. 9111111 1379*

9. 91111111115189.

9. 11111 1111111111111 1373.

39

9. 9111111 1371.

91111111 11. Arrii. 111. 1111. 1375.
5078. 5779. 5981.

9. 1111111 1111111111 5979.

V. victrix 91111111 1111. 5980.

9. cupido 1111111111, 11111111 11111
11111111 1585.

911 floridum 2109!

91111119011.

9111111111111111 9019.

911111. 9111111 9093.

Vertumnus. 19111111111111.

9111111111 9011.

91111 11. 91. 111. 111. li. 111111. 911111.
111111. 1389. 1390. 1391. 1399.
1155. 1798. 9970. 9971. 9359.
9351. 3191. 3185. 5359. 5187.
1090. 1111111 911111 m. 011111. 11,

V. 1111111 1393.

9. 11111111 praediorum 9111111111·
1111111390.

1111111111 V. 5989.

Numen 911111 9933. 9931.

9. deorum 1111111111 911.

9. 1111111 991. 1191. 1989. 1798.
99719971.

91111111 5931.

9111115930.

91111111, v· 1111111119.

91111111111, 1. 1111111111 V.

9111111,11111 - 11111111 5990.

91111 9111111 9018. 9999.
9111111 9995.
91111111 11. 1111. m. 011. 935. 319.

19701355. 1987. 189311. 183511, .

1819. 1809. 99113 9397. 3799.
1979. 5831. 7039.
9. primurn 1111111111111111 1111111119.
9119. 387. 388. 5917.
9. 1111111111 1111111111111111.
9. 1111111111 91111111 1111111111·
rusiorum 1911.
9. Auguria iiiii. 505. 1781. 1895.
1838. 1839. 5579. 5891.
11111 V. 1917.
9. Germanica (81111111115507.
9.1111.(11111111911111111111113097.
9. 11111111 91. 1111111115895.
9. 91119111 111. 9799.
9. 91111111 11111111 11111. 5170.
91111111, 1. 111119.
1111111111 Vinus. 1111. vincius iiii.
91111, v. 911111.
Virrius, 11119. 9013.
9111111111, 111 - 5991.
91111 1907. 5713. 5791.Ι 5918.
9111111119393. ·
9. 1111111111 9391.
9111111111111 991. 1799. 9970. 9971.
9111111,1. 911111.

 

