115 xn. 1505151511511111.

1. D. 515. 5571. “ 1111111 1751. 5555.
1111 V· 11111111 11151 ΤΙ. 5111115111.1111111151111111-
1. 111115511111 5555. 1111115551.

'' ‘'¹⁰⁰¹'‘ ⁶²⁷⁹· 1. samam 1111111111 1111.
ζ είῖἷὲἓῖοιοξὲὦῃ 551111111111 5555. 7111,
1. 1111511111 5111111111· 5515. ¹¹· 111111111111117111·

1515115111·11111· .’;·..”.ῖ.ῑ·.“.’·.1.·..”.5.ἶ

M„ 'mmm 029¹· 15 1111111111, 111. 1111. 5571.

vm„ 627⁷. 1 111111111115111. 5111. 11111157511.
5115111111 5555. 1111111511131· .
mmmm. ,ῃ ...μὴ „mmm ⁸³02. 511111111115111115111 1111111111 1511.
vunnu 1111 5). ⁷⁰⁰⁷·

1. 5151115115555. 11 10111511·

⁰!- 001102511, ’ 1111111, 1111111 5555. 5555.

ΧΙΙ. 1505151111 1111111.

151111 eum 5111 1517. 111 11515111 5555.
15111111111111111111 1557. 11111151 1551.
1111111111115555. 1115111111 5155.
1111111151111 5111111 1111111 1111111 1111115111 5551.

15511111. 11115551111111 5555. 1551. 5555 111.
1111111111 5155. 1. 1115111111 111115. VI. 5111111111.
1111111111 5555. 111111 5557.

11111 1. 1111. 115111111111111115115111115111111·
1511151115111 1511. 1111111111111 75151.
1511111. 1111. 11151111,11111111111111· 1115111111 1575.

numento 1175; 1. 1111. Augen. 1111111111 15 - 1751.
1511111 5555. 1111111111. 1. municipum 11111.

15115111 5555. 5555. 11111115111111755.

11511 5111111 111 11111111 115. 1. 111 1111 1111111111 5555.

11511 111111115155. 1551. 1111111 1111111 5175.

11511111, 1111111. 15151515. 1. 1111111151 5755.

1111111111, 11 1111111 1111111111 5111- 11111111111111111 11111 1555-7.
5111 5111111 11 11111111 5111111 111115111111111515511.15511151.
1555. 1111111111 111111 11 1111111 7555.

11515111 11111111115515. 111111111 7551.
1111 nummorum 1555· 1555. 1. Ηὸ.11.1.115111111511111111555.

1111151111 1111111 555. 5557. 5555. 11111115111111111 5555.

5555. 11111111 5515.

1111111111 5575. 1575. 5151. 1111111 11111111115555.
111 11115111 7555. 11111 5555.
1111111 511111, 1. domm. Apodytormm 5575.
1111111115 1111111111 1155. 1111111111115 1155. 5555.
1111111 5555. 5515. 1111 111 munoribus amphitheatri 5555.
11 pro 1, 111 555. 5555. 5115. 5555. 11111 5111155.
5551. 1. 51111 5555.
Agat 11111111115151. 1. 11111111 1111111117115.

1. 111111115151. 1. 1151111515.

111111, 11 511111111111111. 1. 11 11111111 15111 1151111 511111

11 1., 11 11111151111555. 5555.

11 1111111 511 11151111115115555. 1111 11111111 1111511111 11 1111111111

lungun. 111111 1555. 111111 1111111111, 51111511 111111

11 t.. 1. 1. 111. 1., 11111 111. 1551.1 11111 1111111111 111111115555

 

