vla. RES PVBLICA ROMANORVM.

1666161666 6661666166 6111666166
8011. 6181.

666 16611666 nomam 6161.
16661166 61 1161666166 1178.
666 (1616661666, 1666661666, 11611·
1166 6716.
6666166166 (1666666166 6176 66.
1166616166 6181. 71661666666.
666 annonam 61 1166661666 6177.
6661. 6167. 7116.
66 1666116 6661166161666 611166-
661666,1’16666666 6171.
66611611666 66616616 ’166666666666
6616666 6166.
66616616 766666666666 6116.
6166166 66 6611666 1666. 666666
6116666666 166. 66166 61666·
oona 666 6661666666 766666666·
nana 6186.
1666166 166161666 6666166166 6661666166
6167. 71861 61. 6168.
1666166 166. 1666161666 16166166 611161·
1666166 6168.
166161666 1116666166 6116616616 1176.
11166. 611. 1666666666616 6160.
1116 onon 66 nominas 61661666166666
1666161666 nemon 6661.
11666666666 6661. 6666.

⁸-

666666166666
1166666166 1661166 61 1161666166 1087.
1515616686. 6761. 6671. 66716.

6....1....6666666666
6666. 6166.

1166616166 ennoean 606. 1668. 6176.
6666. 6176.

6161661666 1161166 66.

1161166 166666666666 1161.

16666166 6166111166666 1671. 1167.

61611166 1071.

16666166 6106666166 11011181. 8166.
1661. 6166. 6661.

6666666666 61 111616166 1666. 6166.
6101. 6761. 6176 (1).
renonum 6666666 6166.
..6... 6180.
(1666661666 (6666661666 11686.

*-

consulam:
166611 conanum 66. 66
6611661666

nmmo· 6666. ’
(1666616666 aaaron, 66666666, 61661 Ta·
66616 661. 6. 6666616666.

116

(1666616616 16611166 6661161666666166·
aluno 61611616 6616.
166611166 6111666166 1181.
canonum 16166. 100611616661.
6161. 6161. 6176. 6676. 6616.
6766. 6766. 6686. 6181. 6667.
6611. 6661. 6610. 6666.
6666666166 oum 8666616 6661.
Daciarum 111. v· 1666166 6666161166.
11666666 61 ’16666166 6678.
1661166166 6661.
1666161661661. 6686.
Pannoniarum 66666666 6661666661666
6616666 6616. .
1166616171.
Ponat 66 1111666166 6160.
616111661166. 6181. 6161. 6186. 6676.
6010. 6686. 6607.
’16666166 6166666166 6616.
66661166 61 111616166 66.
consonano 6661666666 6666166166 Nona!-
6166 constantinae 6666. 6606.
661616666666666616666 0666666166 6176.
1166616666
11666666 ornandas utuntur 66666666, 661
6666166116 pronaum: 61166 (166.
6666666166 666666 601 (pronon. 6666.
1166666666· 6061166. 1666. 66. 66.
6666666 provino. 666166 1666616.)
6166 (166. 61666166 16116 6661 (166.
Pannon- 16161 6765 (1666611666
nano),· 6666 (166. noeane), 661. Po-
61666 661666 16666666 6666616 nomino
66666166666661166616666666666111666-
616616666666 16666616 6661111661 66666166
(66. 66666661, 1666. 16661. 1866,
6. 661, 6616.·

6. 1666611166 6111 olonnam.-

8666666 666616616616611661666 6181.
6666. 1166666666 6676.
6666. 66166166 1166666666 1676. 6668.
6666. 1166661166 1066. 6686 66. 6766.
6666. 61666166 666. 1178. 6617.
Pannonian 66666666 6616 ¹).
6666. 666616166 6667.
666166 116616 66.

6. 16661666 6161 66666116616616

06666661161666 Conlatum 66666.
6666. 16661666661066.
1661666166 6761.
6666116666666166811116661666766678.
16666. Narbon.) 6606. ’
pnofflonol 666116666661 1061. 6166.

66661166616166 6116611. 66666616.

¹) Deouana quadem dignitato 661666 1116616 666 6666161 3 quum 6666 1166666166 66-
616666 6666616666 6666666 monna, oanoan pronomen 16166 6666616666616666 6666 ao.

666666. 1666166 nana. vn. 666.

h

 

