vn. 1155111111011151115011111. 111

1155111151 1111. 1157. 0515115111151 (1555111111 1111111Ιά1151)
51511155 5510. 1351.
1551155151 511511551 55111155 3101. 01811. flumme 3083·

1115555155 5150115151. 51511. 511515115 3187. 1951.
1551105151 51 1115511550 1115551111 515151115111 1555515155. 0111115510.
1015111110. 515151115111 5151. 55151515 85311.

51 11155155151111, 5515 151. 1551. 5151. Lugdunensis 51 1555151511
51. 15511511 1515515555. .
15511151 155151515511 1515111 11115111 01· {mm 01880110·
1115 1111515 155111 01115551 3103. 0511151155. 1 111511 5.
1111111515151. 11151115 1811. 1510. ’ 111155111111 1155.
W· mm ⁶952· Curatur thermarum Ι51111115111111 08.
'⁶⁸⁰¹ ΝΜ ⁴⁹⁵· 551151 nanum 05111511 31113
’“”““1151“·1”9533ω· 1151515 511511 1818. 37511 cs. 11515111
115511515 5515011. 5513. ω,
Βοέἑᾞ·ῗᾶὀιξζῗξ·3ᾓξ“ω ⁰³³⁵⁰⁶ ⁸¹⁰⁹· 0515111151 1551111111 5155115151501555·
51151.01511111;11551151555115, noeman: 9513555111 v. 1551155111,
31110101 ⁰⁷³⁸· 11515151,511115515, 55111111, 111·
Α 1150515511 011511 11111151 10. tom.
5 5. 011511 151150 1155111511 0307. 05555111151515. 1190.
15. 11115115551511 53051 11. 515515 5115551115115551115 400115. 5511.
5115515. 1111151515 1110.
5155115115511111 511115. ad 111111 mov· 1111551551), 0111.
015111111151511511111 5330. 111. 155. 51555. 151. 11 5111155151.
0111511111 510511 111151511351. 2⁹¹9·
emmunim 15515 01150115 m fla⁶¹fl⁰⁸⁸¹¹⁶¹g¹fn²⁹²⁰·
5551511515555155513. ⁸ '⁰⁰¹³ ⁸ ‘¹¹¹⁰ W⁰V0¹⁴¹⁸⁸d⁰³⁸ffi

operum ⁶⁶⁶0· ⁶!- ⁰ffl⁰‘⁰ “m'' flsss=¹ffi¹ehmn 155.

cmm* ”⁰⁴3 ‘s' mm mm· 111111 1111551 1015.

(3010101 ⁶5³⁴· 11115111 51551115 1015.
1011110110010530· 11115511 15111551 111111551 51555155
11501810813851· publicorum 5510.

Α15151555151111 1551551115111 8105. operum 5151115151 11113.

55511151 5550151511 111111551151111· mmm (omentorum) 3555,
5155113105. 551151 111555111 5511.
111. 5515011111551 5310. 15515511 Pudnu. 5515511551151181155-
1111551115111551 111151111551 51 511· 5111551 71.
dm· 3010· 1511511551 5355. ¹
(15515551155111 111 1111155511 551511- 1155115115 5515111111551 1918. 3351,
1111551 5537. 511115511513111.
(1551151151 151111111551 11515 11511115 51511151 15 1515 15 11115 831.
(18110001) '125³- 1511111 1511 3888.
[mmmm ΝΜ· 2³⁴¹· 11111151 5155511151115151. 1555555515
151111111515 1151111. Pannonius, 111· 5515,
01100538· 51511111 5551511111 3131. 5558.

1111111151 5511111111· mm

offla 1111511551 51 commerciorum mmm, 555,

5515111151515511. amanteum. Ψζξξᾞὲίζζο00011 Μ1001111105·

..ΞΜ “⁵⁰¹ 1551151 1831.
1111 5551115155 1111515 5555. 11111111 1555511111. 55111511515151 11551-
5551111111513108. 51511111 5151151155 11555111111551

55511111115151 11115511 11115511 1551151 ³22⁶·
3100. 5551111 115511515511111151551 2050,

11155111 1111511515 1031. 5551151 115. ’1111 (11515151Μ51.
111115511551515115181 1155111511 1111. 155. mmmm. 3310.

 

