0111. 1131001111Πο

100. wo 3000. 3001. 3537. 3500. 3707.

01. 011 11111101 1700. 0013.
01. 0101111110110000. 1110100.

11011 01. 3003. 3500. 3530. 0570.
3501. 30035050. 0707.
01. 011 1100113000.

100. 11101. 030. 3005. 3500. 3555.
5737. 0707. 0770. 3000.
01. 011110011 101.

100. 1111 01. 3100. 3003. 3000. 3500 (t).
0337. 0000. 3775. 0353.
01. 011110111 3057. 0070.

000. V· 01. 3013. 3535. 5013. 5173.
0000 0003

01. 011 1101111500. 3557.

100. vt 01. 00. 00. 73. 00510. 1001·
3005. 3001. 3510. 3500. 3705.
0005. 0005. 5000.

01. 11101110. 0110110. 1550)
01. 11111011. 110111. 1055.

000. vtt 01. 10010. 0155. 3000. 3005.
3517. 3500. 3501. 3500. 0010.
5003. 0771. 0775. 7100.

01. 0. 1. 311111101 1770.
01.001011111111011 110011 1000.

000. vlt! 01. 1000. 3015. 3501. 3553.
3050. mot. 0305. 0000. 0033.

who vnn 1311 ⁷⁰· m· m· m·
3771. 0705. 0000. 3715.
01. 011 111111 3000.

. 000.101.70.ὓο0.3500.3550.0030.
0000 0003

01. 011 1101111001.
110. 1111111110 ν

1110. 3100.

11010110 3000.
110011011011700. ·
0011010011001 3005.
1111101010 101101 3507.
1011100111101 1110001 3005.
0001111111111 3010.

00011 3707111.

1110. 3510. 5050.

11010110 0707.1

1111111110, 11111111101 10011001 01. 3000.
010101111101 3530.

1011111111 3500.

11011101 3003.

11111. 1110. 101 0111311111013530.
11111111101 3003.

11010110 3500.
101111 3035.
11011101 0000.

1110. 3100.

11 1111101110 3057.

00010110 0053.

00110 3003.

01101101 011111013500 (t).

11111111101 3000.

00011 0000.

11111101 3003.

110111011110ι 11100. 1111 01. 0775.

ξ 010131111101 1110001 5170.

11010110 1001·

00110 111 11010111 3001.

0110010101 51013111111111110011 3001.
1011011101 3510.

11100001 3000.

00010110 0771. 0775.
11001001101 3005.

1110101 101011011111 3517.
1100011111 1110001 3500. 3500.
10011 7100.

mb- 69381 1

101111 3501.

' 11101011.
11011110 3000. 0005.
00110 0771.
0011110111101 1110011 0771.
0111 1011101 tta.
011101 0000.
1110011111 011111111 0711.
1101111101 0771.
00011 0000. 3501.

1110. 70. mo.
1110. 3503.

 

