33
311111111ἐ1617ἓ11. 111111. 740 (1). 0400.

1111111111 3455. 3431. 3033. 3303·
3304. 4130. 5108.

Foro 311111 5100.

11111111111 5133. 7371.

311111111 3045.

1111111 35713301.

1111111111 7054.

0111111 3445. 3835.

samana. 1111111 740. 3000. 3037·

303811. 0543.

1111111151, 1111011 3107.

1111113457.

01111111 140.

011111 335711). 3797.
11111111113811. 0148.
0111114103.

1111111 3383. 0770. 0330. 7130.

Tromentina, 1111111110077. 5357·
11 0111111111 3031.

1111111. 111. 7004.
1111111111 7030.
1111111111 3817.

31111111 05. 07.
8111111503. 5307. 0435.
1111131111111. 4317.
11011448.

1111111, 11101111 3051. 4003·
1111111 3300. 3808. 3003. ³⁹⁰⁰·
0111111 3813.

1111111111 7070.
1111113333. 3100. 3433.
11111111148.

Ligurum 111111. 5357. 7050·
31111111 7177.

Pessinunte 3175.
311110033.

11111111 5135.

11111111, 11111 111111 137.

Aquis Sextus 3150. 0043.
11011111 0315.

11111111 5373.

carcasona 0811.

11111 111. 11111114035.
1111115111. 5304.
011111135311). 354 (1). 357.
1111111111 3157. 3543. 3543. 5307.
1111111111 353 (11. 354 (1). 317.
3111111111 3085. 3740.
0111113373.

01111111 5440. 5447.

’11111110 5173. 7147.

’1111111 3551.

11111111 445. 453. 3704. 3043. 5301.

Voturia, 1111111111 0833.
3111111105. 3343.

0111117011. 3305.
1111111 305511.

vn. RES PVBLICA ROMANORVM.

1111111330.
11111111 3340.
(pro Votum 1111111 1111111 0755,
1111 11111111.)
111 11111111 cs. 111. 11. 111-38, quae·
quo 1111 1111. 3085 11111111. 0111·
rum 111 1111111 111111 proponite 111

’ 11111011111111111111 commemoran-

111, 1111111111011 11111 111111111-
1111 quadam 111111 11111 1111111111
111111. s!- 1111111111 0. 1. 0111111111,
111 1131101111 111111 111 1011101111
1. 9119111111111111111111111, 311111.
s. 111111111111111111111111030, ρ.
3151111.

111111, 1111111111 1111111111, 111111 111
tribuum 1111111111 1111111111 1. 11
3085. 3111111111

111111730.

Auguste, 111. 11, p. 13, 0.
1111111, 1111. 7.

311111, 111. 11, p. 14, 30.
11111 1 1 1 11133.
Uim· 1 1 1 10, 53.

Tribus 1111111 ’
11111 111. 11, 1113, 31 1138. 11,1.
Campum» 1 1 3; 1113.
Civica 1 1 13.
011111113073”; 1 11 14.
(1011100751 11 1 15.
01111111 111. 11, p. 38.

1111111 30741 111. 11, p. 30, 11, 3.
ΕΙ. 1 1 11 11 11 7.
1111111 3000“; 1 1 11 1 110.
Minuci· 1 11 1 1 13.
11111111111 1 1 1 1 1 10.
0111111101130011. 1 1 1 1 11.
31111 111.11,ρ.18111.; 1 1 11.
Pinaria 11 1 110, 53.

311111, 31111111 3080’; 1 1), 3.
Septumio 1 11, 13.
1 1 14.
1 n 15.

§tabenna 3037

11111111

0111111111 3080· 3075.

111. 111. 11, 1130, 11, 13. 3000. 3000.

1111111117.

1111 antiquissimas 111111 1111111111 11111·

11111111,71111111111,11111111, 111.
1113110.

3. Senatus.

8111111 1111111111 1111111113. 3. 30.
33. 533. 715. 758. 750. 700. 703.
344. 013. 1000113333οΘ. 4801.
4003. 4304. 5300. 5307. 5457.

1111111 popul! 11111111 043.
1111111 3111. 5533.

1. 111111111111130. 3111.
11111111111111111 030. 3350.
1111 1111111111733.

 

