11 1. mammonas 1111111111111111111111.

1111. 0111. 11. 0111111111 Tacitus Pius

11111 11111111 111. 5555.

Fortissimus 1111. 11 11111111151111.
- 1111111111. 1055.

1111. 0111. 11. 01111111 T. Pius 11111
insistas 1111. 1111. 1111. 1115. 111.
1. 1. 111111. (1. 075)1055.

11111. 0111. 011. ’1111111 1111 11111111
11111111. 1111. 1115. 111. 111. 111.
111111. 1051.

ii. 0111111111 1111111 .. 111. 1005.
imp. 01111. M. 111111111111111111111.
11111111 ian. 5551. s
01111111 1151111111111111. 0. 11. -

ii· 11. 1. 1. 111. 111111. (1. 075)

sianum 11 invinius 1111. 0111. - 1.
11. 1115. 111. 111. 1. 1. 111111.
(1. iiii) 1057.

1111. 0111. M. Aussiius Praius Pius
111111111111115111. 111. 11. 1. 1050.

Pius 111. 1110111111 1111. mss.
1115. 111. 111. 1. 1. 1050.

1111. sass- 1111... 5555. —

invisius 111. 1. 11. 1115. 111. vi.
111. 1111. (1.18111010.

111111 111511. 1111111 11111101.

1111. 0111. M. ,1111111111 Casus ,111.

11110111. 11. Α. 01111101011.

ima. 0111. 11. - Pius 111. 11111111
iias. 5500.

11111111111111011111, piissimas 1111-
1111. 111111111111111111111. 11.-
111111, Pius 1111111, 11111111 111.
1111. mss. 1115. 1. 111111. 1011.

imp. 0111. 11. - 01111 1111 11111
11111111 111. 1111. mss. 1115. 111.
1.1.111. 11. 111111 (1. 085) 107.

Fortissimus 111111 1111111011111111111.
0111. ii. - 01111 11111111 111.

1. 11. 11. 1. 111. 11. 1.1. 111111.
(1. 005) 1010.
imp. 0111. 11. 111111110111111111111.
11. Aur. 01111115101.
11. - 115. 0111. prinnini. 5555.
victoriosissimus 11111111 111111. 01.

·- 01111111 111. 111111. (1. 000)

iunctissimus 1111. 11. - 1111 11111

invisius 111. (iniis 151. 551) 5557.

1111. 11. -115, 0111. Pias 11111
11111111 Aac. 1111. 11111115. 111.

1. 1. 111. 111111. 101111.

111. 0111. 11. - 11111111 Pius 11111

111. 1111. mss. 1115. 111. 1.1.
111111. 5557.

11111111 0151111111. 1111111111111111,

11111110101111111111115111. 5057.
11. Agsssrsgsbibioumsriam 115. 0111. (1.

Ρτὲιέοὸοθμ 1111111010. - (1. 000)

victoriosissimus 11111111 1111111111
11. -115. 0111. 111111. 1015.
Princeps 111111111111.11111111111 Na·

111111111115. 0111. 101511.
ima. 0111. M. - 11111111111111111
Aug. 1. 1. 1111111115. 111. (1. 051)

01111111 11511 11 111111111111 1111111

humani dii. 11. 0111111111111 11
Maximianus sanctissimi 11111.’11
gaziss'iasgiiiisss 11 Maximianus 11511.

111111 11 111111110111.1111.111111111’1·

nus 11 Maximianus 11111111 sugg.
11 0111111111111111111111111111155.
01111111 5300.

isaii si 1111111111 religiosissimi 1111111111

11 01111111 1051.
00. 11. 11111 1101111111 55501.

imp. 0111. 0. 111111111111111111111111-

is'anus P. 111111. 1050.

0. 1. 11111. 0111. 011111. - Ρ. 1. 11-
1111111111. 1055.

imp. 0111. - 0111. 10551055.

ima, 0111. 0.111111110111111111111
Pius 11111 11111111 Aug. 50101.

iasa. 0. 1111111 1111111111 01111111
11. 1. 1. 11111111 111. 5551.

ii. 1.11111111111111 11111111 1111111111.
1111111111. 1101111. 1055.

1111. 0. 0. 0111. 1111111111 07.

11. 1101111111 D· invisius 1111. 5507.

li. 1. 01111. 11111111 11111111, 1111·
111 Aug. 1010.

1111. 1111111. 10511555.

1111111111 1111. 0111. 1055.

iosias 11111. iiiii.

1111. 0111. 0. 11111111 iiiasisiisaas

Pius 11111 11111111 Aug. 1111. 1111-
011111111. mss. 1111111111. 1115.

poi-if. 111. 11. 1. 1. proconissa·

1111111 1111111111 111. 0111. 0. 111.

Aurei· 011111111111 1111. - 1115.

111. 111. M? 1. 1. 1111. 11. 1. (1.
050) 1071.

Fortissimus 1101111101111111 ima. 0111,

0. 111. 111. 011111111111 Ρ. 1,

11111111 111. eoas-V. 1-1. (1.
iiii-iiiii 55505. ·

1111. 0111. 0. ,111. Vsi. 0111111111111

Ans. 1111 11111. 511. 1111. 1111.
mss· 1115. (111.-1111111. 1111.
1. 1. (1. 1011111.

Pius 11111 111. 111. 1111. 1111. 01111.
111ιῇ sassa. 11111111. Parsis.
1111. 11. 01111. susa. carpiamus.
111111.1111.111511.1111.1111151111.

 

