vn. RES PVBLICA ROMANORVM.

14001101 7910.
111000 010100 5331.
111001 010101 quinque 11 11101011 111-
00010 3034.

3111111.

Tribgsxxxv. 0010101οι 001010 010011111

’111001 01 01001 1110101. 0011 1101000-
1001 000111010 1111011754.

Tribus 11110011 0111010 1111001010 01100-
11010. 1011101 3039.

711001 1110011101 0010011 1001101011

711001 11100111011001010011001113093.
’10001ἳῖ00101 101001 August. 1101010
Τ1101ΞΞο1301111011010. 100101001, 1101010

1010. 100101010 3094.
’11101ὲό 98111101101 1010. 1011101, 1101010

’111001 301010011010. 10001111. 1100111
’11100180101001 10010100. 1100111740.
’11100101 111001 31100100. 1111010 0119.
11100 00100001, 1101011 3035.
111001 1111111011 11100111 000111001
1110011001. 1100111 3094.

1110009111110111010. 10010110,1101011 ·

111001 11001οΙ11. 0111103490.

8001. 1010. 100. 1101010 309810.
71100101 11100110111 Aug. Lilybaei 3719.
contribules. 1101010 3107.
3010011100. 111001 310. 3091.

1110. 111111. 3491.

101110010 1110. 801. 3097.

10101111. 1110. 801. 3093.

1001010111 1110. 1111. 1000. 30115.

seniorum 1110. Pal. 3094-
300100111010011110111011110. 801. 3097.
101111011110011111111010, 11111001 3499.
110100011 00100100 1110. 801. 1010. 100·

001. 3093.

’ 1011000011 111 100101111010 1110. 801.

1010100101 0 000010 0101 11100-
111 0111011, 11011110 3097.

1111000011 1000101 10 1011110011010.
101. 1110. 801011010 3097.

1101110101 1100101010 1110. 800. 001.
100101. 309810.

1101001001 111101 01 11110101011011111-
0011001 111001 1111111011 10100111
100101001 1110011001, 1100110 3094.

111101 111000 1111111011 1010. August. .

,- 1100103191.
1111111. 1110. Claud. 309310.

11111 1110. 80100. 309310.
311001 1000001 3009.

71100111011101001 3105.

11111001 3995. 3943. 3493.
1110011100 3494.
0111100001 0111 1001010 1101111100 111-
001 0011110001111 3495.
1111101 111001 0011110111 3195.
’111001 10 1001100001 0011 0000010111
001110 5933.
Tribus 000000 0101111 0010111 11013197.

111 11100001 municipiorum, 1010010100,

01011001 3103.
111001 01011101 10 1110110 0001110111,
affinia, 11011011001 010101 3101,

Nomina tribuum m 11

11011110. [1010101οΙ 4097.
Fundis 7135. ,
3110101011 5151.
710001 3703.
10110111, 1101100011 ’1101011 5970.

1111110 7150.
11110Ιο1 30. 749. 33355194. 373711).
31011110001111 5737.
31011011 1101011) 115.
(1101110000 3775.
1110110110 3993.
11010011 3137.
Foro 10111 3493.
1111 3043.
1010101000 0939. “
31Ιο1010101 5150.
1101010 3509. 3453.
’110010 131710.
1101101111 3379.
11010001, 1101101 5178.
(1111010101 93. 7018.
310111 3503.
Cremonae 9793.
1110100010 380.
101. 8011. 0010010 530.
11100011 4059..
101101 5174.
70110 3853.
30101111, ,10000110 3101100. 73. 3070.
5103. 5107 (1).
11111011 31. 4039.
110110 7131.
111100010 3790.
1101010 3019.
8011119937. 3933.
710010 1039. 3035. 3991.
111. 3375.)
31011010, 101. 101100. 3334.
Auximi 3031.
3010000111 9093. 3813.
1310100011 3933. 4533.
11011011 4939.
010111 775.

 

