13 11. sszoammcii.

001111 1153. 1103. ⁹ 0. 3110101 5355.
01100111 3333. ii. 01010110οο1 ii) 00501.
Graeca 1305. 0373. 7303. 1100011010 00. 01. 5500. 110501.
01111101015030. eoi. 10111 11110010 3005.
01000111 5310. (ii.) 0101 riui· 00011101 5500.
00100110010110111101100. Urbs 01111111 311111 00001101
000111 3053. 3170 = 3038.
1101100111 01101 3033. 0110001101 30. iiii·
11111111 130. 0111001010 3353.
Hadriaticum 01110 3103. 011100100101 13310. 3003. 3333.
0131100001 01000011 0031. 1111111101,1050.0001.3101,1111,1031.
Hadrumetum 07331. 337310. 03771 cs. 30111110.
0. 001. 00000101101011311110130· 1111111 3011, 01¹⁸.
gusia frugifer! 3058· ³898. notificamus, mus 0601.
010011, 11000 00011111 ci· 11111 0111111111 10110110.
011011 5301. 1111011111 007.
01111 5310. 11001 30101101 001 011111 0101110 5301.
110110001115033. iconii· 5377.
nuncupamus 1003. 3051. . 1111001001 3005.
001. 001111 1110101 0. 010101. 1111011101 10310.
110105111 976. 310· 3811. 361. 1771178· leniiiiiiiii 187,
373. 380. 7175. 1001111101 5333.
convenius 0011011001010. 333111· 10010111 030.
0111111 001101. 300. Iguvium 3003.
wioni· 1101101101 3100000001 333. 11111111 00· om,
3011 cs. 1000111010. 1100015310.
0011111001 5310. 1000111101 373.
0101111 5307. 1110100111 voi 1110111οΙ 1055.
00010100. 0337. 111001013703.
00111000οι01 73. 3011111 1110011111 0533.
001101010001101 5333. 1000000111 3703.
11111011013131 11111· illyricum 033. 1130. 3353. 3305. 3003.
001001100011010 1011001100113001. 3108, 3155, 0117 11. 1011, 01110,
0011011001, 001101101οι pegus 3733. 5101. 5503. 0110. iim.
0003. 1110001 i. 005011).
311 00100111 1050. 1101000100111030.
Vicus 001101117301. 110100111 3501.
0010011110 5030. 11010 0337.
00111, 010110 5310. 110011110010103. 03.
[1113111311 111111 311· 1010111001 provincii 1053.
0101001011101 007. 1010111001 3053·
010101011011 753. 1111111001 (11011011.) 003.
010101011011101 5303. 0111111 111101101οι0 3773.
0011110001 33051 11. 1110111010. intermontes 01011111 1030.
Hipponiensis regio 0333. {mmmm 98! 1035.
111100111131 151) iii· 101011001101111101111335730303517.
1110001 001000 5373. 1010110011οι 130.
0110111111. iiiii. 01. 301. 5310. 1010110011οι 311010111οΙ 137. 0031.
1111111011 305. 013. 0335. 1010110011οε 13310.
0111110110 3353. 0371. 101011011011101 10310.
ii. 011. 01 011. 303710. 10101011110111011001111101110111011000-
0.οΙ1011011170. 3105. 3033. 30533003. 11011 153.
5333. 0703. 0333. 5333. 0335. 7153. 1010101001001 111101 133.
ii. 111. 3111100000ιο 0330. 1011111111 5310.
0000111010 0101100110 0110. 111. 0003. 10100110 1110013131.
0. non 01101101101001011010313. 10111 1011115105.
ii. 0111101 3070. 5030εο330. 10110100001001 3733.
0. 01101101 11101101 03301 0011001110. 1001101 737.
0001013307. 3713. 5017. 5310. 5330. 100105010100111 5305. 5305.
5133. 5333. 5333. 5355. 3533. 101100100115303.
0733. 0703. 0353. 1111010173.

 

