111. 1118131111 111111.

811ξὲ161111 11111111 §.femmarum ο

mmmm.mm.‘
11111111 882.

111111 111111 111181118111111111.81111ο
11111111118111. 5115..

211111 1111817333
81181111 111111111111111Ι 7388.

11111111111111111111111111 neema, 111111- 81111,1111111111111181111 3828,
8111, 1111118111. 8308·- 8318 8318. 2181111111 8358. 7321.

11111111111111811 1111811111 118. G.
81113273
1111111111111 1030111.
Invehere 11111111011111 11 1111111111-
1111 8828.
Mete 11 1111111111 7332.
1111 1111111811 2828.
11118321. .
111811123321 .
1111 8181111· 7303. 7303.
¹. 1111111111 8338.1 ·
3· punt· δοκι· ‘
¹. 1111111111 1 1111181111111111111118
monumentum 8381.
1111 mm Μ’. 8381. 8800. 8887.

1111,1“11111,111111118085.8373.
8378. 8811. 8813

1111,11111,1118111118382.

11111, 11111, 1811111,·18111111118370.8387.
11811111181111111.1111111111111111 8828.
11111111 8388. 8382.

1111111111 111111111 7312.
111 111111 8381; 8321.
¹¹²¹⁸ 11111111111111Ι 1181111111111 111111

111 1111188801

111 1111111111111111811118111811111·
1111 2810.

111 1111111111 7323.

111 1811 88231

1111 11881811· 8818.

mendenen 8883· '¹ '

Lebrum'ffl'l. '
81111258 258. 8882. 7080.” ’
¹. 8111111111133021
11111111 1811111111 217οε 3303.
81111113ι 0303.
81111111 8833.
211111181111 1883.
111111 8181111111 8533.
1. 1118111111 3311813313.
2811111111· 31138.
Laqueo 1181 1111111 1311118808.
21111111 7383.
2111111111 8111111881118111111111 3772.
2111111 8111 3082
1111111111 11811 2288.
1111111881111111111 8803.
211811118850.
11111111 1111131118 11111111 1111188111·
3111118830

0111111111111111111.8085.8313.

8111118823.

811111111111111111 13711. »
1111811110838.

8111111111 111 13111111111111 8288.ἱιιι

81111 1311111111 1111111118111181111

1111.111111111111181.8578 8515.

Ι.Ι monument! 1181111 8111118328.

· Ι.11111111.11.(1.118373

1.(181111111111111 1111111 (2111111131-
111) 11 perpetuom 81111 ³2¹5?
111111111112538.· , ¹ ‚
1111111 11111 ’181311 “ ’
¹n 111118118111112538. 2337. 38131.1
11111 1111 111111118558.
1111111111111111111118813033.
1111111111111111118338.
11 111181111111111 7323·
«11111181117328. =
¹. 1115111111 111111 8111011111 111111
111111 7325.
1.81111811111111111111111 7385.
1111111118510
18 1111111 0111111111 8585.Ι
1. exceptus 1111111811 111111111188Ὡ.
¹. 8181111111118308.
1.· 111111111111 7338. ,
1. 11811111 1811111111 11181111113230.
1111. 1118111111 1111111 3853.
Ι. 111111 11111111 111 11 1181181181
1113578.
Ι. (1118111111117218.“
11111111111111 8883.
1. 1111111111 8083. 8502. 8323·
¹ 1811111111811 811111118052. 8211
11111111111111 C 8111 111111111311 11
1111111 8808. ¹ ¹
11111 111111 8333.
1111118511.

, 811111 3303.
, 81111 3832.

8111111118111111111111111. 8338.
1, 8111181113373.
8111111 7811.
81111 2588, .
81111 1111111111 11111111 1111111111

mm.w.mwm.‚.
8111 ludorum 3713. 8323.
1181 111111 7185.
1181 1118111111 2802.
1181111111111111111 2183. 3081..
¹. e¹reeneee 383. 8020.Ι 8381111.Ι
Ι. 811111 2888. “

131

 

