58 V. IMPERATORES ET IMPERATORVM FAMILIA.

Aug. -0111111111111111115 111111. Imp. 0111. 0111 1. August. 111. 111.

1111111111. 1011. 6115. - 5111111-
011111 1111111 Κ. 11111. m. 11111. -
to Pooto 111115011111111 11111111
K. 11111. 11. Aug. - 111111 1011101
11 1111111 11111 K. Pr. 11. 1111.

5. octavius 61. G. 11. C. pr. potor

1010111505.

Imperator 511111 1101011011

0111111101 5835.

(1111110111 1. 11. 11111. 11. Sept.

5111115350.

c. 101101 (1.1. 5111. 51111. 511111
Augustus 59³:

1111111111 8111113683.

1111111118111110111 1. 11 1110111 1111
11111011011011101175505111111.
m. 101. 11556); todo 111 1111 757

111111111511111 0111 1101011011
3310. 3315. 5118. 5158. 6635.
6538 111.

Ι. t). 0111 1. Aug. 111111 11111111605.

1011110111 600.

10111111111111111101011011550. 5565.
55003156. 355511. 3600. 6155.
6550. 6757. 6055111.

811111501011013550. 3871. 1859111.

Augustos 607. 508111.

0110110101101 11111. 111. 1111111.
011. Kal. 11111. m. 5111. 1111. Pr.
m. 111. 610. 558. 735. 505. 5567.
5365. 5110. 5170. 30115. 1031.
1016. 1068. 5007. 5070. 6071.
5105. 6105. 5530. 6776. 5055.

01101 Augustus 111111 3355.

111101 811111 11111 10111 1. Augu·

110137.

6101111 August! 01111111 1135.

Nomen 5111111101. p. p. 5180.

1111. 1111111111. 1111. 11111. 6058.

1111. (1111110111 1. Augustus 1111.
1111. 11111 1111111 11 1101111111

Imp. Coeo. 1111111. 1. 1. 501.

1111. Caesar 111. 111111. 1111. 111111
1. p. 1. 011011111117502311.
Chr.) 555.

1111. (1111110111 1011 1. 101. 101111.
111. 11111111.111. 1111. 1111. (1. 755
3501. Cor.) 505.

1111. 811111 11111 10111 1. Augustus
1111. 1111. 111. 1111. 51111111. 1111-
vom (1. 757.-. 57 1. Chr.) 5360.

011. Caesar 0111 1. ,10101101 111. 111.
1111. VH. 1111101111. 11111111.111(1.
73311 .·.· 50110 1. Chr.) 507.

11. 1. tmp- 10101101 0111 10111 ot.

monppww

1101.1111.11111.111. 5111111111. primum 11110111010 10111 (1. 711)

1111101. 111111. pontifex 1111111101
(ob 1. 733 = 51 1011. utque 11
1. 718361. Chr.) 550.

111. 111. 1111.111111.11111 (173815
711615 1. Chr.) 5175.

111111. 11150111. potestate 111 (1.
71110 = 1310 1. Chr.) 5105.

11111111 1111111101 1111. xu. 111. 111.
11111. pot. XIV (1. 71115 :1th
1. Chr.) 36.

11111. 1111. 1011111111, 111. XI. 11111.
111111. XV (1. 715 :9 1. Chr.)

pont· 1111. 11111. 111.Χ11.1111.11111

(1. 715 = 9) 615.

1111. 1111. 11111. 111. xvu (1. 71718
57151. Chr.) 5011.

1111. 1111. 111511. 11111. 111. xvlu
(1. 713 = 5 1. Chr.) 75.

pont. 1111. 111. 1111. 11111. 111. xlx.
1111. 111111 (1. 710150 = 5111.
Chr.) 51.
pont. 0111115111. 551111 (1713150
= 511 1. Cor.) 1668.

1111. 1111111. ΧΙΙ. 111. designat.
tht. 1111. ΧΙΙΙΙ. oto. pot. XX
(1. 751 .-.·3 1. Chr.) 500.

1101. 0111. 11111. 111. 11111. 111. 5111
1111111 1110110013111010 11111
1111111 1111111101 (1. 755 = 5 1.
cont 11111. Pr. 11. Febr.

111.11111.11ι1.111111. 1115. 1115111.
11111 1111111 1111.111ι.(1.755.τ5
1. Chr) 515.

11111 1111111 1111. 1111. 11111111.
XXV (1. 755 :⁶2 p. C.) 615.
pont. 1111. 11111 1111111, Augur,
111011. 1., 011111110111,111.11111,
1111. XVH 11). 11111. 111. XXX (1.
11111 :oso 1. 111.) 111.
pont. 1111. 111. xm. 11111. 111.
xxxn. 1111. xvh 11111 1111111
(1. 76513 = 5110 p. Chr.) 605.
p. p. pont. 1111. trio. pot. XXXHH
(1. 76115 = 11115. p. Chr.) 5181.
1. 1. 1011. 11111. 11111. 111. XXXV
(1. 75516 = 1513 1. Chr.) 5180.
1111. mox. 111. 11111. 1111. 11151110.
111. XXXVH. p. 1. (1. 767ε11
1. 11111601.

Notus (1. 551) 11111. 1110. 0111111. m.
8111.

11111111 1101., 0111101010. Caesario
101. 650. 1105. 1068. 5355.

5111001511 10111111 (1. 706) K.
Am. m. 011. 6115. 5350.
primum 111111 (1111111111) 10111111
(1. 711) 5350.

5350.

 

