V. IMPERATORES ET IMPERATORVM 01111011. 75

111111. G. 111. 0111115190. 5500.
0000. 0019.

11111111. 0111. (nomon Etooottott
1511111111) 5510.

1111111111111111111111111111111011· sto. 0111111111111111 potor 0111111111

111 11111111 1111111111 5193.
9111111111 0. 011111 0910.

0. nob. 0111. 100. 900. 911. 1013.
G. 0111. 910. 910. 5510. 5501.

0. 1111111111 G. 11.

1.. 0111, G. 939.“

0111 3000.

lton. coeo. P. 0111111111 0111 0111
111. 5197.

too. 0. 0111. 0. 11111937.

Ρ. Sept. G. 0111. 111. 930.

loto. 1¹. 0111. 11. 111. 5511.

loto, P. sopt- 0. 5003.

luto· Qu· Ρ. Sept. 0111111111.
111. 11 (1. 010) 000.
11110111. 0111 0111111111 011111 011

tto.

11111 01111111 01111111 1. Ι. motor

Elngobtlt 910.

Into. 0111. 11. 11111111111111111111.

(Elagabalus).

1111. 0111. 11. 111111111 1111111111
0111 01111 111. 0050.

Inoo. tt. 11111111 111. 0111111111111.
3711. 1095.

1111. 0111. 11. 111. 1111111111 5011.

1111111111 111. 00101.

loto. 0111. 0111 negot 11111111 111111
0111 Seven 11111 11. 111. 111.
1111101111 111. ooot. 1111. 1111.
111. 111. 1.(1. procot (1. 010) 0000.

pont. 1111. 111. 1011111 (1. 010)

1111, 1111111. 011111. mn. 111111. 918

1111. 111111. tntu· 0111. 11. 1111111
- 11111111 011 111. 01111. 1111. 01111.
1111. 111111. 0111 11111111111111
011 01111.91111. nonos, 011111·
1111111111 11111111, 0111 1111111111
abnepos, 0111 7111111 Porth- 11
0111 Nemo 1111111 (0011110111

11111111. 01111110. pot. ᾖῙ. 111.

1111.) procot (1. 011) 3739.
Numen (01111 01111111) 5501.
nno. 0111, 111. 01111111 111111111119.
tt. 01111111 11. 11. 11. 1. 1. 5510.
luto. 0111. 11. 0111111111. 111011.
luno· 0111. 11. 01111111 511111111.
111. 01.
1111.011111.0111111151111111111111
(1 (1111111 corr. 111111111) 0111
totto 11111111 utmagnus 111. 910.
lton. 0111. 11. 01111110111111 111111-
111011101111111. 1111. 111. o.
1. procot (1. 017) 0050.
nont. 1111. trib. not. tt. p.1t. 111.
procot (1. 010) 913.
11. 01111111 0111111111111 111. 0111.
11. 01111111 0. 10111111111) Muto)

11. 0111111101111110. 0111. 11111111
’ 1111111111 01.
Oofflnt 0111111 0. 0111. 11111111.

11. 01111111 1111111110. nob. 0111.
11111111 1111111111 910. 913. 0050.
11111 Manto 1111 11111. 01111. 1111111111
11 1111111111 Aou-
11111111111111111111111111. 1111 tono.
0111. 11. 111110111ουί11 0111111111

Aug. 5515.
lum. 111. 1111 11111111 111111917.

11. 11111111 Antoninon 0111 11111111.
11111111 111 1111111 sotto 1111111111
pont. 1111. 1111. 1111111001) 111.
111. p. p. 71111.

Imo- 0111. 11. 111. 111. 1111101111
111. 1111111111 11111111 dot 01111
0111111111 pont. 1111111111. 111. 111.
111-111. 11.-1.. (1· 000) 5515.

1111. pot. 1111. 11111001111111·
11111 mosot 1. 0111011111 111. (1.
00115511.

1111. 0111. 0111 511111 nepot. 0111
11111111 111111 01111, 11. 1111. 111.
1111. 0111 1111111111.) 111.

ί(14901111. 1111. p. p. procot (1.0011

Into. 0111. 11. 111. 111. 111. 01111

Felix 111. 1111. p. p. (1. 001) 950.
111111 Faustino sstogobntt 950.

(1111 1111111 1111111111 111111 1111111-
norum, quot 1111111111 1101101111
11111 1111111111 imperatorem oestron
non 1111111)

1111. Antoninus 111. (11111111 1.
01111) 3800.

01111 Antoninus 0111115307.

01111111 11111111111111111011101111
111. (0111111111 0111111111) 0300.

Antoninus 1111. 7071.

11111 1111111111 1111111 1111111111 111.

1. 111111111111111. 1. 951.

1. 1111111 111. 1111111111.0111.11.
1111111 511111 1111111111 tn t. 0.
111. 11 contorum 955.

1. 0111111111 111. 111111 111. 1111111.
1050. 5910. '

1. 1111111 motet 1111111 n. 1111111111.
1111111111 d. 1. 0593.

 

