NOTAE.

811111 1283 111.

8 numanus? 1281.

81111111 3018. 5520.

8 1111111111 127.

8 8111111 em.

8 1111111111 8011.

8111111111 1202.

S 1181111111 8171.

8111111,111111 3708111.

88 81111118215. 8581.

8.8 81111 August· 8121.

88 81111111181111111111111111118305.

888 8151111111 1111111 2180.

881] 11111011 pamm.

880 ,Ρ 11111811 11511111 8718.

8..1. 1) 1111 11111 1111111111 11111111.

881, 8181111187 2088. ’

881, 811111 2210.

881. 811111 502.

881, 1111111811. 1750. 2203111.

SAL 81111111 2721. 1035. 8121.

888 8111111111 8258.

888 811111111101111 8281. 8812.

8. Α. 8 Spe! Augume 1111111 1831..

8 . 88 . 1) 1111 11111 1111111111 2581.

88788 8111111 (8111111) Aug.
1111111 15110.

SC 811111111 2851.

S.C sewun consultum 712. 8115.

8. G 11111111 consuluerunt 781..

S. C. 1111111111 1111111111 2385.

8118 1111110110 1117.

88811 11111111 1111111111 111. 1, 1. 817.

8.(1. ΕΤ. 0 .1) 1111111 11111111 111
111111111111 11111111 2287.Ι

1.1.1. C 111111111111111 faciundum
1111111111 8288.

8 · (1.1.. 11 1111111 11111111 111111 111-
111 1781.

8881111111 8550.

888 11111111 8088.

808. AB! scribundo adfuerunt 8111111.

scm. 118 ‚Q 1111111 1111111111 quae·
1111111 3213.

11111111111111 2058.

8011. 1188 1111111 1101111111 2850.

1111111110 1381.

81111 ‚Q 111111 1111111111 1513.

scm scrutarius 2851.

80 1111 1111 111. Ι. p. 517.

8. 0. 8 8111111 1111 1111111 1508.

8. D · 8. 1. M 11111111 811 81111 111
11111 58111111 8012.

8.11. 1,. 8. 11 1111111111 1111 115111.
1111111111 11111 111. 1001.

8.1). M 1111 11111 11111 8128.

88 1111111111 1100. 1128.

888 111111 5117.

81111 11111111 2571.

88188 11111111 1111111110. 3181111.

217

880 . 711 11111111 1111111 11111, 111.
8781.

sm segem? 8111111111 20111

sssssvs 8111111111 5218.

REM 1111111113111.

SEMP. 8188 11111111 8111111 1115. ,

8811 1111111 panim.

8811 111111 1111111111.

8111). 8811. 8111111111 811111113810.

8881· Septempeda! 1028.

8118 811111 1111111111111.

888 Sergius 8228111.

8811 111111.11111111111111. ·

SESQ 111111111111111 3118.

§.F 111111111111111 888. 1180. 8003111.

S. fl 1111111 hoc 2101. 8075.

8. Ι 811 111111111 1328.

“ sul? 1111111111 0781

810 111111118373 111.

SM} signum 1501.

8188 111111118173 111.

81118 111111111111111111.

S. 1.. M solvit 1111111111ῐί0) 18871083.

11111111 11811511 1111111181 551.

881 11511111111 8171.

8. 81.8 1111111 111111 111111 1808.

8 · M. v 11111 1111111 1111111 1080.

S.N.S? 1570.

8081111111 <eon 1822.

800 11111111 3102 111.

SOL 81111, 8111111111 5203. 5281.

S. Ρ 111111 11111111 0287. 11111 1111111·
110208.

sl> 1111111111 821. 2581 111.

SP 81111111111111.

§.P 111 pecunia pamm.

8 . Ρ 1151111111111 3188. 3173111,

8 . Ρ. C 111 111111111111111111111001.

8. Ρ.1).1) 111 11111111 dono 1111111
1510111.

8. Ρ.0.0.11 111 1111111 11111 111011
1118111111 5208.

88811 1111111111111 0115.

SP ,1 811111 81111 panim.

SM. 1111111 populusque 811111111

881.1111181811.111111181111111111111111.

8.Ρ.0317.8.0.8.8.83538.

88011 1111111 2017.

8. Η 111 1111111 1111111115. 5810.

8. Ρ. Ρ. Ρ 1111111 populusque 2111·
11111111 3313.

8.Ρ. M. 1). 1) 111 11111111 11111111
413331111111111111111181111111117.

S. P Mens 111111 1111111111 mentuunt

s.1³.1².'s.r 1111 1111111 11111111 1111
11111 1811.

 

