X. 0011101810111, punirer, PRIVATA.

q. 11111 1111 11111101 11 11111111
111111111 1111111 1111 41111. or·
4111 14111111 11 111. 11 1. 111.
4111111111 11111111 4057.

o. corrogrr 11111111111.1111 111 11·
111 (11414111 111 0111118084.

o. 1111 111111 contortorum 1111111·
1111111 41114111111111 111111111111
omi 4071.

q. 11. ’1114 1141. 8111111111 4050.

q. 11111111 1141. 111111111111111-
11111, 114111 1111111111 4130.

q. 11411111 1111111181111111114044

q. 11111111 Iovio 01111111 ,1141111
1111111 0087.

q. iuvenum 0111114100.

o. 11111111 11111111 111. 111 411.
4111141111 4700.

q. 1111111111011111111111 111. 111 111.
argorum 1111111111111111111

0111111111101111111 1111111111 11111

7111111 11111 4450.
0111111111111 1111. 111114111 1111111
7182. 7184. 7212. 7210.

111. 111111111111 0111117204
111111. 11111111. 1111111111 71021
1111111111 1111111 morinorum

0111114100.
411411141111111 1111111111 2084.

11411111 411111 1141111111 Lono- 1
111· 0080.

ooli. 1141111 Pisauri 2474.
1119052111. 0111141111 41411 For.

ortior 4817.
111111- 11111 1111 1111111 144. 4087.

1141111114111411411. 114111. 111-

11114002.

11111111 11111111 4102.

111111111111111111111111111111 11·
4111111111 1111011111 011111-
rium 4044.

1111111111· 1111111111111111 111·
1111111111 1110111111 01111-
11111 4104.

11111111414111 011111 Rom 2402.

1111111111 11114. i· 1144. 1507.

11111111 1111111. 1111111101.

170

111111. 1111111111 0141111111 11

0101111111 8021.
1111111111 11111111 1111111111

Hygino 1111111 2417.

411411141111111 41141111 0081.

1111111 1002. 4070.

11111111 11111111 1111111111 011111·
rium 4140. 7104.

11111111 1141111 1111111111 4111111111
Romo 4084.

1111111111111 1111111111111111 11·

4111111111 111111111111 011111·

11111 4444·

11111111 mentorum omniorum
0111117205.

41111 14 1111. 1111111111 411. 111·
11111 1141. 1111. 1111111111 2140.

11 11111111 411411141111111614111

11111111111111111 411114074.
8111141111 collegiorum 1. 1111141111
municipalia 1111111111.
811141 11111111 1111118141111114013

11111111 111111111 41111111 11 1111111
41111111 4084.

’11111111 111111 (ro. 411111 11 111111- “
1111) Rom 0047.

11 1111111111 1111111111 11111111 1111·
11111111 4111111111 1111111 8410.

1141111 (11111111 11111111) 8111111111

11111111 111111111 Pomorum 8140.
7111111111111. 11111111) 8111111111 2844.
Vmor 11111111 11111141 4111111 11 411-

1114111111· 4084.

ᾖ

1111141111 vario:

4114111111, 1111111111 11411111 41111111
ro -11111111111 ·

4111 11111111 1111111.

1. 1111111 1111. 1141. 11 1111111· 11·

11101. 1708.

(1111111111 collegiorum 4040. 4071. 4084.

Corio 1111 111111. 01111111.

0111111111 1141111 mrim.

01114113ἕ1111111 11111111111111 smine

01111111. 11 11111. 411 7104. 8111111111111 11111111 1111111111 11114.

morticinorum 011111 7204.
11111111 11111111. 111111111111·
11411 1111411 1111111. 7007.

iromus 4107 ; 11. 4084.
011411 1101111 (4114111411111111111.)
1111111 4074.

Ι 111 111111414111111111111111· 11111111 (= 11111) 11111111 ioht-tirr-

101111 111. 0111114114.
now 1140111111111 Pisauri

11111111 8111111 411. 11111111 qood
111 0111111111 11111111 111111111
Oiifli 7404.

4111111111 7214.

1111111111111141111 1411, 111 111111

11 1111111111 11111111 411111 11
4111111 41111111 4084.

111 11111111 4111111111 1181111141·
1111 2417.

 

