188 vm. 11118 mmm.

coh. 1. 111111 7111111811. 1. 11. 5850.

8111811. 111. 8588. 5158.
XV. 111. 1. 11. 8881.

1111. 11158.
11111. 8580.
1111. 8881.
1111. mm. 111. 1. 11. 8871. 111111118871.
1111. XXVI. 111. 8808. 1111. 8808.
1111. XXX. 111. 888.

coh· xxxu. ..1. 11. 111. 1111. f 111· ⁹⁰· ⁵12·
11111. 8758.

8. 8111.

811 11111111 11811111111110111. 8855. 11111. 8855.
811 ΙΙΙ. 881111. 11111. 8811 11.
811 81111111 8778.

811 8111111111 0718.

’81181111111111 8715.

8111. 81111111118158. 5888. 5810. 11111. 8158.

11. 81111111. 5888. 5880.

11. murum 1111. 1111. mimo.
1111. 8111111815550780. 11111. 8155 :om
111 11. 81111111 5518. 1111115511.
111 111. 81111111 8507. 11181111 8507.

8118111. 5875, 11111. 5875.

811. 11 1111111111 1111111118818. 11111. 8118.
8111. 11111111. 1111. 5888. 11111. 5808.
811 1111. (1) 8880. 11111. 8880.
811 8111111111 1111. 885. 11111. 185.
8111. 81. 811. 8111. 1111. 1. 11. 8081. 08571.
81101111111111 8580.

8111111. 1. 11. 11. 1111. (1) 8575. 11111. 8575.
8111. 811111111111180. 5818. 11111. 80.
181111. 111111111. 811111111118808.

811 Celerum 0717. 11111111 8717.

811 1. 1111111 1111111. 5888. 5880. 5888.

11111111111111111111111.1111. ssfflfffl‘fflffl·
111 1. 8111111 1111. 8518. 11111. 8518.

811 8111111111 5870.

8111. 811. 1111. 1111111111 0888. 1111100118.

811 1111. 111111 01111 111111111111 0710. 11111. 8710.

811 1. 01111. 8888.

101111 01111. 0088. 11111. 0018.

111 ... 01111. 5858. 11111. 5858.

811 011011111118570. 11111. 8570.
111 1. 7111111111011111111111 0857.

8111111111111111 811111111111 5877. 11111. 5877.
1111. 11111. 011011115878. 11111. 5878.

811 1111 01111 8808. 11111. 8888.

811 1111111 111 081111 1111. 887. 8808.

111 1811111 888.
1. 111. 1111111 5818.Ι
111 11. 111. 1111111 5818. .

811811111111115188. 5880. 88571. 1111188571.
11111. 8111110111118718. 0780.

11. 111 7111111111.

811 8111111111 788. 1111111111 788.
11111111111 8111. 5888.

1111. 81. 011111. 8808. 08571.

 

