11. GEOGRAPHICA.

11111 5066.

inurit 6010.

1111 5067.

1111111. Histria.

111111 700. 1130. 1160. 0351. 0106. 6063.
6113. 3660. 3711. 5116. 5303. 5307.
6116. 6660. 1160.

111111 utreque 60.
1. 111111111111161.
i. rugiente 1111111111116165.

liturg 1111 tegete negotientur 5001.

l. 1111113606.
1111111 157. 3000.
111. 1110111111 66.
111. 110111111111111 1037.

1111111, 111111111111 eut: 1007. 5050.
5051. 3050 5106. 5116.

111111 3136. 6115.

111111 6313. 1701.

71111111 Auguste 5103.

111111111 6013.

11111111 3010.

1111111111 5171.

1111111 (i). 111. 11111. 106.

1111111111 107.

vie 11011111 3011. 6170. 7601.

Leeedeemoniut 3010.

Luctare 3151.

111111 0311.

. Leienet 6066.

0111011111 3331. 3101. 67001. 7066.
1111111 Lembeeeie 5630.
Lembeeettent 5330.

temnens (um 1) 5010.

1111111111 6167.
111111111111111111111111111116011..

Lengetet 3101.

11111111 Langenses Veiturii 3101.

Leniiu ungue 3165.

0111111110. 1306. 3137.

11111111 106. 37661011. 5177.

11111111111 111111 3031.

11161111 11 01116300.

Ltumetitei 150 ep.

Leree. 1111111111111111. 5307.

Lerinetet 16011. 5175.

Vieue Lerie 6061.

vie Lettne 3003. 1333. 5300. 6000.

6170. 6507.

1111111111. 0111111 1111111.

Leteitiei 3061.

Lerernei, pegur 6070. 1011.

Lerieeut Quintenenree 116. 0067.

Lavinium 00761 ef. Laurentum.

Leutneiluru 5010.

0111111111 0170. 0051.
111.1111..(1111111111.’1“111.)0176.
111111111101. 0170. 007637067067.
Laurentes 111111111313131136501.

1706. 6717.

Luurentee 1111111111. 6100.
L. 1111 Augustinorum 6501.
Laurentini 0136.
011 1111111111 3116.
Leurtntenete ungue 111 11111 Notene·
11115165.
Lehrterneius 1111
1111111111 moue
Lemurte 011111
1111111 6703.
Lettiirnegneneet 6510.
Lerte 11111111 6676.
1111111111 11111111 (1) 106.
Leuci 3030.
1101111 eet:
Libicenue 1111111661.
Libieote 3010.
Libitinus 11111 6611.
1011111661. 3077.
Libye 3660. 3663.
Liguria ttiit. 6635. etet.
Liguree 511. 310. tete· 5107. 6666.
L. 611111115166.
L. 11111101115167.
uertice Ligurum 1661.
Ligustinum 6611.
pegut Ligustiuue 6661.
111 nuti. 1111111111111111.
Liiybttent 151.
1111115703.
Lingonee 075. 1707. 0006. 0061. 3000.
1030. 5110. 3153. 5160. 5660.
Ltrtt 1111115110.
111111111 15011. 1706.
1111111111. 111111111111- 111.
1111111 3116.
Loueonnenree riktui 601.

1101.

11111603.

1111111 (1111111) 530. 1071. 1167.
1501. 6713. 6030.

Lucenses 6657.

1111111 3167.

Lueit = Lycii 3671.

11111111 pegut 6661.

11111111111111, 111. 11111111116006.

Lueretius 11111000.

1111011111 pugne 1130 = 6133.

11111 (Aug. 711111111111)5005.

11 11111 5010.

Lugduneneit. Luguduneuetr 1111111111
311. 0156. 0073. 3631. 3651. 3150.
56530. 6010. 6610. 6651. 60001 u.

111.

Lugdunum, Lugudunum 105. 560. 6650.
1000. 1077. 1010. 1105. 3101.
5300. 6001. 7007. 7051. 7066.

11111116111111 cente 1.. 161.

111. 6111111 eunte Aug. L. 0605.
5031. 6031. 6030. 7060.

111. 111111111110300.

11111 Lugdunentit 1063. 1117.

 

