11 111. Rus PVBLICA ROMANORVM.

1118111.
11. 11111111111111,

ωὲωΤΞΙ. 0111111111 1111111111 2⁴⁶6:
11. 11. cunum—ung. ῖιῖι,

1.. 111111111 111 3011111.-

71. 811111. (111-1. 11111111)

1.. 111111111111 7317.

11111. 11111111 11. 1. 111-81111-

111 11111111 7511.

19. Q. Venulus,

1. Pompam 1111111 1115.
50. C· Antistius 1111111,

11. 81111111111111111111 33881115.
51. ’11. 11111111811111111. 11111111-

1111,,
811. 1111111111 011111711. 715.
111. C· 11111111111111111.
C. 1111111111 8111111 1588.
51. Q. Volusius 8111111111,
P. 8111111111 sumo 5111.
Q. 11111111,
Ρ. 111111111 3115. 5119.

57. (1111111111111111111111111111,
111111111111111111117. .-
1111181111111 8111. 111. 111111,
111. 8111111 11111111111137.

11111111 1111. Τ. 1111111111. 1. 111.
1111111 11111111115115.
10. 111. cu. 11111111 8111111111.
1.. 11111111 81111111115117.
11. Q. 111111 1111111115715. 7173.
13. 1.. Verginius 111111,
C· 1111111111 11111111 1183.

11. 8. 1111111111 1111111,

M. 11111111811111111111 1858.

15. Α. 1111111111111 731.

11. G. 1111111111111111,

C. 8111111111 11111111 1717.

18. 111. G. 81111111 11111111.

P. 1111111111 811111111111111 737.

17321111111111111111111111111375.
19. Τ. 111111 1751.

711111. 11111111 1111111,
C. 8111111111111 710. 318111.

71. 1111.8111.11111111111 111,
11. 1111111111111 1131.
1111. 1111111111 11111111 01111-
1111111111111 1. 111111. 111111
G. Arruuuuu 81111111111111,
11. 1111111111 1111111031.
71. Imp. T. 11111111111 811111 Aug.

54³7:qu
71. 1111111111 11 503031770.

¹ 11111111.

71. 0111111111 811111111111111111111111
Τ.ἓΙὲεὲἙ111111111111111111151181

71. 71. 11111111-11. 1. 111. 81111111
11111111 11751.- ,

77. 1111. 11111111. 1111,
Τ. imp. Aug. 1. 117318,
78. 1111111111 -1-1111111111 1110. ,

· 79. 111111. 111 affl

80. 11111111111-1-111,

Domitianus 111 75311.
111. 1.. 111111 11111111 111111,
Q. Pactumeiu· 111111 1537.
1..1.11111 11111111 11111111,
C. 1111111 111111111101111111
111111111111111111115118.
11. 1.. 1111111 8111111111111111111.
1111111111111 1111111111 11101
81. 1111111. 11111771.
111. P. 11111111 1111111111 3118.
83. 111. 1.. 1111111111 1..1.111.1’111111
5111 = 1511.
85. 1111.81111111111111111111111111.

111 1181.
Fuluus 3111.
111. D. 11111111 1111111,
Q. 111111 1111111131.

81. unp. Cueu. Aug. (11111111.
811. Cornelius 1111111111 5773.
811. (111111111811. 1. Ρ. 111. Ρ.

prou. Ρ. 111. 1111111111 11111111-
111 Pompeius 1111111111 5898.
111. 811. 01111111 Fronto,
71. 111111111111111 11111111 811111

87. 81111111111 ἦῙῙ 3038·

’88 1111. 1111111. 11111. Aug. 81111.

11111 1513. 1771.

89. Fulvus 11111111111781.

81. 11111111111111,

0111111111 8111111111 (5198).

11. 111. 1..1111111111111111111

1111111.. 8111111111111111, ’11 ......

11. Sept· C. 111111 8111111, Q.
11 ..... 1111.

95. Gunugu 111111111771.

81. 1.. 111111171111111111111111.
T. 8111111 1111111 1111111111111.
Torquatus 11111111111 11.

85. 1111. 1111111111 1111111111. (111-

11111111 1111 5305.

11. 1111. 8111. 111-11111111. uss! 5311.
1111111111 11 17711.

11. 1111111111.
98. lum. (111111 11111111111.11.11
T. 11. Libo 111. 1771.

 

