V. IMPERATORES ET 15115110575111111111. 75

1115151111 51151511, 511151111151
1551511, 01117111151 1111111111
0151111111 1151511, 11. 151. 151.
155. 5111.

1115ὶ 0111 11. 151. 151. 155. 11135
1. 151

0. 5. 11. 151. 151. 0111. 1551311.

115511. 151. Ant. 155. 5510.

1155. 0111. 11. 151. 151. 5505. 5511.
5103. 5551.

11. 1151511155. inp. 1077. 5111.

1155. 0111. 11. 151. 151. 1111155.
5117. 5031.

'nivi 0111. 11. - 1151111. 11. 155.

1155. 0111. 11. - 155. 1151110.

151511. ν1151155. 1150. 1170.

11511. ·- 1151155171·

1155. 0111. 11. -1151 115. 111111·
1131531 51151151. 511515115111551111

tuffiaco. ii. - Pion 15111151155.

1515. 0111. 11. - 151111551 155.
15111151 511511511551.

ino. 0111. 11. -115111111155, 151.
1377. 5151. 5115. 5555.

155.ἔ.-115.1111115115111115.

11. - 1151 51111 115. 5111.

li. 511. -115151111 155. 1501.

15111151 1155. Antoninus 1111 Felix
155. 951.

0. 5. invictus 1515. Antoninus 5111·
1115511155. 1115.

1515. 0111. 11. 151. 151. 115. 111·
1111151 5111551110.
115111111155 1111111. monim. linit.
15811151. 515111115111515151. 115.

1115. 151151551 155. Britannico· 5. 5.
5751.

11. 151. Ant· 115111111155. 01111. ·

5111. 51151151 15115151115077.

1515. 0111. 11. -· 1151 51111 155.·

1111111151 1511. 11111. 1511111115.
5111. 5551. 1511. 111.

1555151111 111. tto. Get·- 1511. 155.
{goim 155. 01151. 515. 5111.

1151111111 155. [11111. 5111.] 51151151
1511515111 5077.
0151151511111151151111 11 1111551

1155. 5111151151151551155. 1510.

1515. 11. 151551551101. 1011.

11. 151. 155. 5. 51. 5011.

1155. 151. 155. 101. 1811. 1300. 5157.
1101. 5115.

1515. 0111. 151151551 5515.

1515. 151151551110. iton.

Antoninon 155. 1115.

155. 1511515510775.

1155. 151. 1151155. 111.

0. 5. Antoninon 1151 155. 5117.

1515151. 1151111111 155. 1017. 5101.

1155. 151. 1151 1111115015.

111151551155. 1151 1111115111151

...151. 1151111. 155. 1111. 511... 515.

151. 115111111155. 1051.

1155. Antoninon 171.

11155510111111115111155111111115151
1111151153.

01151 1115551 1111151551 015; 11.
1115111155 1111111511515.

ino. 0111. 11. 155151115111111
155. 51151151 1511515111, nomon
51111151 130. .

Nomen 155. 15115151 5511.

Antoninus 0111111111151151 (1.1151)

11.15111111151151551 011111 1155.
1.. 51511511 511111 1111111151111
155. 1111. 1111111. 551.-5151. 511.
toth. 551. 1111. 1155. viii. 111. 11.
511111. 01151 (1.1151 5501.

11. 15111151 151151551011111 (1.111)
3555111171 11. 5111.

11. 15111151 Antoninus 0111111155.
1111151151 11115. 1..515115111511111
1111151111 155. 01151 (1. 1171151.

ii. 151. 151. 0111. 1155. 1111151151
(1. 117) 115. 1315. 5051.

1515. 0111. 11. 151. 151. 1151111111
155. 5. 5. 11. 511. 111. 5. 5. 511·
151 titt. 5055.

1155. 0111. 11. 151. 151. 155. Parth.
5111. 51151151 151151. 1111. 511. 1155.
11 (1) 0111. 1..515115111 511111 111
1111151111 155111151111111. 111111.
5111. 1. 011115155151 01115. 51151.
515. 0111 Antonini 5115. 1111. 151.

1155. 0111. 151 151. 155. 1111. 551.
511151. 1115. 0111. 1.. 5151151151·
11111111111151111115.1111. 11111.
111111. 511. 5151. 1511. tortissimi
1101111151 5. 5. 111111. 0111111111
Antonini 0111515111 5115111111 51-
511, 0111 15155151 111 511511..
01111111111151 11151511, 11111 ’1111151
11115111 11 0111 1111111 11111511
3587.

1115. 0111. 11. 151. 111. 155. tritt.
511. 11. 515111. 1155. 0111. 1.. 51511·

5111 511111 1111. - 1151551 (1. 111)

1515. 0111115151. 151. 1151155.
trib· not. 1111. 515111 (1. 101) 137.

 

