V. IMPERATORES ET IMPERATORVM FAMILIA. 35

03111131311113131 11113. 3333. 11313-

331131. 0171.
1313. 11113331131. 731. 3373. 3570.
1133. 11311331131. 33131. 5353.
333131 111133 113111111133311313-
3131 503·
1133333313313333153533.
11111333 313311 35.
1133. 11313333 3333 5303. 5531. 3771.
03113131 11113331 3333
111131 113113113111331111111331 737.
111131 11113333 131. 3537. 3173 3333.
11113311113331, 11331331. 1511·

1 5113311311331111111331 1007. 5333.

111133 11113333 1101. 1573. 3531.
3133. 3553. 3303.

113133 1133. 3133311311111331331131
131. 3311313131 1133131730.

1313. 3133. Nem 1113. (1) 113133
131.-33113. 3331. 1311. 1111. 331.
331. 11 (1. 331373.

113. De 1111. 133 1111331313 33131131
3 1131333131. 13133313 111, 31.
3115113.

1133. 33313151111131133113111 11311-
331131. 503; 31. 3311113333.
1313. 333111 0111 1131133 3113113
11313333131.113113.33311331.
1111. 331. 333. ΙῙ. 3. 3. 331. 111

13. 33) 110.

1313. 33313113111 11111 1131113 1.
11313333 131. Germ. 1111. 331. 333.
1111.. 1331 133.

1313. 113113 11113333 131. 33131331·
331 ffieos. (1. 100) 1155.

1133. 333131111111131133 1. 113113
11113331 131. (1313.-3331. 1331.
1111. 331. 1Τ11. 333.1”1“1.113111.1“Γ11
(3. 100) 733.

1133. 113113 111133. 111.-31113. 3.
3111. 1111. 331. 331. 1111. 3. 3. (1.
131) 333313.

1133. 3113. 11111 1111113 1. 113111
11113331 131. 331313133311131333
1111111333 3331. 3111. 1111. 3311.
331....3133( 10311011) 15013

1311. 313311 11111 1131113 1. 113111
11111331 3313331333 pout. 1331
1111131.11.1133.11.133.1111.3.
3131031731.

1313. 313111 nm 11311333113111
Traianus 131. Germanicus 11331331
3331311131. 331.1Τ1.1313.1Τ11.
331. V. 3. 3. (3..101)3055 5110.

1331.3111.1111.331331. V. 3. 3.
(3.101-1111 133. 13513735.

3311331. 1111311111. Latin. Vol. 111.

3331. 1311. 1111. 331. ii. 3331. (1.
13313131. - .-
3331. 1111. 1111. 331. 11111. 131311.
333. V. 3. 3. (1.1051-335-7.

1331. 3131. 1311. 331.11111.1133.”1“.
331. V. 3. 3. (1.103-1-131. ἢ
3331. 11131. 1111. 33111. 1133. Vl.

33311. 3. 3. (3. 1071315111.

3331. 3111. 1111. 331. ῑΓΙ. imp. Ἦ.
333. V. 3. 3. (1. 103131 737. 5111.
3331.-1331. 11111. 331. iffi. 1133. VT.
331 V. 3, 3. (3. 10311015037. 51-53
3331. 3111. 1111. 331. ffu- 131311.
333. V. 3. 3. (3. 11015113.
3331. 1131. 1111. 33111 113311.
33311. 3 3 (3. 11113530.
3331. 13311115. 331. 1111131311.
331. 11. 33. (3. 11313) 30. 5115.
3331. 1331 1111. 331 1111333311.
331. VT. 3 3. (3. 11311133.

1133. 333331-113113313311331131.
33131.1133.3331.3111.1111.331.
5—an- 1313111. 33111. 3. 3. (11.
111) 33571.

3331. 31.-111. 1111. 331. Γ1111.1133.111.
331.3Τ.3.3.13111111133131133331
(3. 115) 733.

33313131. 11111. 331. xv‘T'm. 1113.
11111. 331. 11. 3. 3. 3131153311311-
3133 31133331 (1.1151 731.

1313 333111-013133-11311113311331
13131111. 331. 11111313. 111. 331.
11. 3. 3 (1. 117) 1315.
3331.3131.1111.331.Γ11.1133.ῑ“111.
331. 11. 3. 3. 33131333 3333331131
31133331 (1. 117) 7-31, 31. 730.

(1115311313 33131131 m, 33311 331113-
1131 11.11. VJ. 157 [11111111 3111131111
331 3331131111, 1311111111 1131111 311,Ι
113111 11 1131311111 a. 11. 11331 V
Kal. 1351. 111133111131131133333-
131 (31. ad 5113), 3111133331 311-
11311 1313 3133331133 3113 1311331311
13113 113331, 13311 3111311 13111111
1111131 (1333113111.)

113111111101.

1113133131 3531.

Plotina Traiani.

1137ἓὲ1 111. 11331131131131. 3. 3.

P. 131. 333131131. 733.
31733 3355.
1111111. 3711. 3771.
111131. 11111 113133111111131 3131 737.

3131313113 13131 11313311

11113113113131131. 731. 5551.
31. 1317 ’1.35

 

