i ii. cnocmiiici.

15511, 551. 15111 81511 5057.
1551551151 5181.
Aceruntini 5188.
1551515 8118.
1511511 18115. 588. 801. 8878. 8885.

1151.1051.8118.1118.8117.8811.’

8858. 8878. 58885118. 8080. 8881.
8188. 8818. 8815. 7880.
11555151 888.
1115515551 5818.
155551 8007.
1551555111 5018.
5551515155 1551555515 8588.

Agrippinensi· 8858. 8888.
1581558551, municipium 511111 ·· 8771.
15155551 8111588555 8887.
155551. 51111118871.

115855 5810.

111551 888·

1151151551 5810.

1185115551) 5885.
1185511151. Pr. 5. 8111115.
11815551 8118.

511 118555 8818.

1181515111 (11518788.

5515515 1551555581. 1585555855 1185 8555515 5185.

8108. 5080 = 7088.
5517151155 51 1515115 8888.
15511555111 8188.
1511115151 115511111551151 iiiiii. 8158.
1511551185. 185. 188. 8088. 5818. 5888.
1555515 887.
1555511115) 8881.
1551555111 880815.
11518151 88. 1888. 8181. 8851. 8888.
8888. 8888, 8888. 8887. 88585.
15555851 8870. 8888.
15115 1555111 8788.
1511551 155. 5551515155 808.
1551115. 15515 1181. 8888. 8888. 8888.

1. 115 8858. 5118. 5118. iiiiii. 8888.
15551551, 51555 - 8888.
1551155511, 551. - 1881.

15551115, 551. 588.

Aequum 8588.

1515555151 5888.

15551588.

1558155158 5188.

515515. 15551551. 8881 15.
151515151 8888.

15115 8888. 8800.

15185551551511 8888.

1515111588.

1515555111, 1515518551 88551 55515
1515511151, 111.

11811 1151. Pr. 5. 15111. 587. 588. 818.
778. m. 1058. 118511511118.
1188. 1188. 17581800. 8887. 8888.
8877. 8758. 8780. 8088. 8058. 8088.
8188. 8188. 8185. 8588518858.
88588881. 8878. 8788. 8088. 8088.
5088. 5178. 5150. 5501. 5887. 5888.
5588. 5585. 5850. 8007. 8018. 8018.
8051. 8151. 8178. 8181. 8888. 8108.
81858187. 8188. 8588. 8888. 8888.
8850. 8708. 8811. 8888. 8851.

11118778. 8885. 1888. 8888.

11111155 8881.

15815551 55555 5185.

1511515851 181.

1511551555115 151. 1108. 8881.

118151 1155551551 8178.

1181551 51551 1887.” 8018.

1181551 51551 8888.

11855111, 5111111 - 8888.

11855515 8085. 8188. 7007.
11815555151, 115551 188.
1185555115111151 5581151 5055.
11551555 155151 1855151) 8087.
115115 558.

11511555 51555 8888.

11515155 8785.

1151150111885888088888. 8158. 8888.

8588. 8088. 8885. 8888. 7170. 81511.
151151. 5. 155. 81511. 5. 1151115.
1151550851 11181 1188.
115115111551 8578. 8881. 8805. 8888.
8887. 8888.

1115551,51115115555511551111551-8111.

11155581 8518.

11111 8885.

1111155. 188. 8101. 8887. 7118.
11111151 180. 5187.

1115815551 808·

1155555555 8018.

11551 1188. 8881.
1.11155115555,111551115558888. 8880.
1. 85185555 8158. 8511115 88881.
Δ. 1511185155 8818. 8881. 508038888.
1. Poeninae 8888.

115151 5551511818.

1151531 5888. 5880. 8888. 8788. 8707.

8575.

1115551881. [5115151551511551. ii]

1111551 5188.

111155111 1515581. 5188.

11115 111155511 8188.

11115155551 115551 180.

11115551 818.

11855111 (1) 8888.

551. 1111551. 1088.

115151, 8511515880.

15811555 888. 5818.

11581555 1888.

15811551. 8885.

1158151155 5810.

1155511555 111551, 51551 ι· 8788.

8

 

