vll. RES PVBLICA ROMANORVM.

1000110 0777.
Luceriae 5167.
11110οΙ 6663.
110101110 6666.
600100 5680.
80101100 500.
’1501001001000 6561.
1111101 6661.

31100111 6086.

1100110 3501. 0663.
6110100011 0650.
8000011οο 3636.
’3010011 600600.
Tarracone? 6763. 0853.
Tibure? 3336 = 0633.
10601007 6605.

3101100100, 10101100 6306. 336336106. 11010110, 601011116606.

11110 5005.

“ Foro 8001010111 6066.
101010000011. 3756. 5366.
6001003375. 7353.
8011101 3836.

7011101010 603700.
10111110 1760.
1115101 3636.

30111110, 60100110 7103.
1100110 3660. 7316.
11105110 163. 161 = 6666.

0001011116ω1001101 6006. 5060. 5005.

110101 576.

Camerini 636. 6176.
1101111000 0771.

110100 3316.

110010οι1 6136.
60101100 3077. 6078.
601011000150110 3636.
1010110 7101.

1100011100, 6011100 6061. 3061. 6115.

011οω1930111 1001.
10001101 303.

6111100 66. 656. 3866. 3606. 6051.

6683. 7067. 7161.

Eburi 7165.

60101110 3868.

1101100011 5636.

Ρο10111 6631. 6351.

1101000 636. 1060. 6705. 3105.

600111 3658.

Tibure 6600.

71050100 1101. 3663.
6010100. 1001110 6716.

600010011 6665.

3011110100οΗ 1366. 6066.

11010011 0156.

110100 3675.

70101110 6665. 7063.
0010110, 1501100 6360. 0763. 7107.
15011101 3880. 3865. 7067.

corinnae 3613.

1110οΙ1 6060.
1110000 6053.1
11001501 3616.
01101100 6056.
Luci 100. 5665.
Luguduni 6060.
11000011 3680.
61010 euri.

110100101013 3666.
1101000 6667.

80010111 7115.
10001100 6617. 7668.
11150 801110 6830.

Lemonia, Arimini 6666.

11110111 516.

6011011100 660. 061. 3076.
cirini 6665.

61100111 1100. 6170 = 6666.
30100111 3763.

60101100 60.

8001101 3601. 6666.
Τ1οΙ001 510.

Maecia, 311101 537.

61101110 1631.

60011001 316.
11000011 3566. 3560. 3766. 6106.

Pueri! 5166.

Menenia, Aquini 5156.

600010011 6766.

601100 5636.

60111100 6086.

[1010010001 6686.

1111001100 111. 7161.
Ρο111001116530.“3810. 3800, 1050,

11231111.ῗὲ 11111011010010001.
80110011 0611.

00 0011110, Generi! 7156.

Cerni 1176. 1167. 3006. 3630. 6600.

6151010000 0663.

10 0000 0000001110511103086.
Linde Pomp. 6176. 3365.
111001οΙ001 1606. 3367. 6076. 0656.
Miseni 3613.

11011100 3136.
70001 66. 6170. 6650. 6366. 7173.

Palatina, 1501100 7107.

1101101οΙ 6863.

1111111οΙ 366011). 6673.

Beneventi 6007. 613636663. 7160.
60100011 3366.

Cinnae 3053. 3816. 5665.

Cusini 6707.

11110110 6533.

Ferentini 1863. 5650.

’ Formiis? 3886.

1100010 5068. 5066.
1105110 775.
10101001οι0 111 6066.
Lunae 5160.

 

