743 vut· RES MILITARES.

1111. Aug. Threcum 3333. 54335335. Ξὶᾞῆὲῗθώὸω
Ale Tungrorum 5713. 611111111115733.
7. Tungrorum 71111111111 5763. 11111. 5363.

1. 7111. 31111. 1111111111167211
es. 1111711111.
111 7131111111 6710.
111311111111111 11111111131111111115313. 11111111 5318.

5. Equitum et 1111111111 numeri 11111.
Numeri tendentes 11311111131116743. 11111111111 6743.
11111111 11111111 6733.
11111111 43111.

“ 1111133 56113· ⁶⁷⁴⁸· 111111111116743.

1. 11111111111111 6111111111 773. 11111. 773.
e. tu Mauretaniam 71111111111 11 ·11117. 435.
flumme 111111 435.
111111111111 1111111. 6731. puer, 1131,
711111116111111111111113346. pmr, 3113, ·
Numerus 3111111111 5731.
1. 31. 11 exploratorum Nemeutu.
11111111 6731.
1. 61. 71111111111111 1617.
Numerus Grdtrteuut 3414.
uumerus 6161111111111 5371.
1.(1111111111. 3414.
Numerur 1111111111 111111111111 3543.
4111111. 1111. 3533. 61111113538.
1111111 111111 174. 175.
11111111 11111111111 1541. 11111111 1541.
11111111 1111111111 1111111111 1111111· 111111111115573.
1111115573.
Numerus Detmeterum 311111111111 3413. 11111111 etro.
1111111111111. 311111111111 133511.
11111111 111111 11 11111111 3155511733. 11111111111315556733.
7111111111111111111113111111111111336..1111111111 366.
Numerus 111111111111171111111111111 11-
1111111111111 6736.
111111. Nemeutugeueer 1. 111113111-
tortum.
71111111 7111111111 433. 11111111111436.

Frumentum 1. pererrem,
2⁹0⁹·

11111111 1111111116734. 11 11111111116734.

torrent 111111113335. 6637.

51111111111113436- 6333. 11111. 3426. 6333.
Ι. 1. 11111111111116735. 11111. 6735.

veterent 5111131111 5314.

11111111 11111111 1343. ·
11111111 3463. 3514. 3664. 5677. 6765.

11 111111115513. 6333.
rub 111111115677. 6747. 6735.
7111111111 3467. 3466. 3463. 3634. 3664. 11111111111111111111111111111111 3433.
5527· 5Ί57· 5755· 5756· 6⁸71· ⁶922· 111111111111111111111111111111111111-
111111 111111. 3. 43715677. 11111 11111111111111356. 3736.
1711 1661 trumentum· 74. 1156. 3133. 11111111 11111111. 74. 3133. 3463. 3664.
3463. 3664. 6747. 6735. 6736. 6735.

 

