V. 11111111101118111 IMPERATORVM FAMILIA. 77

1333313111 1131111131 1313313331
11. 813) 5589.
3131.311.1113.33111Τ1.13131.
3. 3.) (1. 911) 381.

p 3.331.11.1113331.1113 3319.
3331. 1331. (3. 919) 973.

3311113. 1131933311. 3 p
313331 (1. 318) 5183.
9131 13111 13113131133.3331.3111.

1113. 331. 131313. 91. 331. sl. 3.
3. 313331 (3. 818) 5331.
913113111133. 1133331313331.

Vl. 331. 11. p. ..3 .3133. (3. 813) 911
13113 8331313 Τ133331111331113.1ὶοι·
31331133.
13113 8131313113333111131133 333
131 11311.8331.11.1313311 1131111331
911 1311311133. 313.
133311131131133. 3331111 11331131 3.
1133. cm. - 1311311133. 913. 977.
133. 1331311133. 3. 339.
8331331311311.3331311133.11.-
1311111133. 919.
8131311 11133. 33313111. 3 1313.
(1331 11.- 1311311133 331. 5331.
313311111311133. 3331313311.-
91111113111113. 918.
11. 8131331113. 88.
31131 11331
C. 131131 81313131133113 1333193333

’1133113331 5531.
Imp· 13331. 11. 131131 mappas 133.

133131.

1311131311. - 9133 11111 133.
5893. 3859.

33111 3311133 3133315533.

3111131111 31 13311 omne· 1133311331
imp. 8331. 11. - 9131 13111 111·
1131111 133. pont. 1331. 11. p. 983.

Imp. 9111113331 133. 9893.
9311131131 13.

lmp- 8131. 131131911113331111111113.
3331. 1311. 1113. 3313133133.
(3. 311) 5198.

9131 13111 133. 3331. mn. 1313. 331.
p. 3. 31333111. 811) 5193. 5195.
9. 1. 13113131 133. 91111331 (113)
1311. 1113. 331. p· 3. 3133313. 911)

pont. 3111. 1113. 331. HV) 333. ff.
3. 3. 313331. (1. 811) 55-3-9.

3331. 1331. 11. 331. 9. 331. 111. ...pp
31311381813859.
3331. mex. 1113. 331. 3. p. 331. 983.

1131313 01331113 833313 91111331 133.

Αιὶἱιιιιω 33131133. 3. 31 3111131331

8333113131 133. 131111 3311131331,
1331131 1311111113 983.

1111311 01331111 133. 985 33.
01331111811311 1113.1311313111.11
3311131. 8338.

1313. 0311. M 131131 9111113333 1113.
”3³:¹22 3311133111 nob. 3113111.

33313131. 3113333113133111111,111131
11. 3. 93111331 133. 5533.

11. 1311318313131931113331333(1311.
333. 31133131 1313313111 5315.

1133. M. 131131 9111113333 9131131.
1335 5859.

1313811111--133 33311311 ¹
161ἑὲ9 331 11. 331. 11. 3. .11. (1. 918)

1133.0333311311131031313111313333
1113131133.
1). 333131133.133.31.31. (1.311·
111113 3.)935
1133 3131.8.-9131ιι19.1.133.
11. 331. 331. imp. 3. 3. (3. 8191531.
pont. 1311. ιὲ. 331. 331 p. 11. .1113133
(391
311311 3313331131333311.
353) 1913

331111333111. 131. M. pp
(3.9531931.
131131319133111111333131113.

3ῧὲ 331. 11. p. 3. 313331 (3. 353)

9131.11111133.3331.3111.1113.

111111.331.331.111.3.3.313111
(1. 353) 5535.

911 13111 13113133 133. 3. 31. 1113.
331. 111. 331. 11. 33 3. (3311. 11.
331. 11. 111333. 111) (1.953131
351) 5891. ·

31131ἓέ633311 11. 111-3. p. (3. 951)

9131 13111 133. 3331. 3111. 1113.
331.111.331.11(3311.111).(1.3.
1113331 (1. 951) 933.

1133131 133. 331. 11111851) 5591.

(31. 1111333133 1111113331 31 1311311111
[1331113333. )

11313313 3331133313 1113331113 133.

33313111 n. 33311133. 3131111333.
311. 313111131. 391.
1113131111 133. 333131 133. 3. 59111.

1131313 01131111 831313 1113113133 3110136133193ῦῗ1113331 11313133 11131113

133. 3331113133. 3. 3591.

 

