IX. RES MVNICIPALIS.

800000 3807. 3870.

7010110001οι 00000001 110000 3888·
“ Tarenti 000800.

71000000 000000 0108.
Vilicus Brixianorum 0807. ,000. 70000000. 7088.
0. 00011000 1000001 08780 ef. 000000 70000108.
0000000. Venafri 0887. 0031.
7000000 0703.
70000000 0188. 0888.
0. 0000. 5800.
⁵· ΛΜΨ ⁶⁸ ''¹³⁹¹“ ⁰¹de 800000011οί00000110 1100000000 8818.

0000000000. capuae 0000100000 8088 00.

,100007οὅ8οω 00100 000. 11. p. 1870 00 0110000 00 0001100 10 000. 00000101. 70-

. 00000 0807·
8000000100 Aemus 0710. Augustam-u· 100000 00000Ιο00 0000000
,100000 3101. 7110. 0813.
r. p. 0101011001 5103. a, honor 80000000 0770. 0000.
001, 010. 0880. 8000000000 5808.
001. 00001001) 3880. 8000010000οω0 0. 7030.
81108100 1070. 5¹85· 80010 0000000000 000000 8701.
Auximi 3008. 0. 0000. 7100.
1100000010 5¹⁰⁸· 80010 0000000110 00 00000000 000010.
Bovillis 8005· Aequum. 0801 sp.
0. Aug. 10 0000 800010010οο 7087.
000. ,1000000 0818.
,10000 Fue. 0100.
00 00001100 001000 0010100010·
01001 1000001 8108 00.
Ameriae 8811.“
,1000000000 0801.
001. 70110 8000000 8001000 838.
0000000000 1080. 0110. 0801.
,100000 1781.
,10000000 078. 373. 0703 070.
5800. 0017.
,1000000100 Vind- 0800.
,1000000 3008.
Baeculam 0807.

Brundisii 0500.
0000101011 Caeritum 3787.
0000800180. 0100.
00010000 0880.

capam· 3080 = 0080.
Capuae 7080· 7107.
0000101011 000. nm. 8075.
0000000 (0000000000) 0001.
Compulteria· 8018.
0000000 0088.

Eburi 7105.

Formiis 7800.
Herculanae 010. 0705.
00000000 0700.

00000100 0880.

0000000000 0077.

01000000 0111.

Neapoli 0851.

00000000 0881. “

110000 8000. 0810.

Nom 7118.

1000001000 7081.

Nucerino 00 8000110 8080εο808.

000000 8800. 7011.

Panum 0801.

80001000 0077. 0078. 0808.

Pisis. 00000 potius 000 auguro 00-
00000000 001 0081.

Pompam 0000.

1100000000 0080.

1100000000 087. 8707. 0851. 0000.
0001. 7080.

1100000 5588.

11000000 130 = 3808.

80000008 0770. 0010. 0008.

8000001081. 7010.

001.Ι1001000800000000000000001501.

001. 8100100 5888.

8000100001οω 3780.

8000000000 0187.

00000010 7180.

Brfflflfl ⁰6· ¹³⁸2· ¹³⁰³· ³⁹⁶⁸·

Cimo 0878 00.

cremonae 0080.

0001000 8001010107.

Dm 1858.

00010000 0008.

0000000000 7087 0.

1100000. 001. 0855.

Ferentini 7188.

Foro 00000000 5808.

Foro 8000000· 8008.

000000 770. 1308.

omae 801.

7700000000 0008.

10000οΜ0000. 088.

100000 0000000000 080.

Luco Feroniae 0088.

0000000000 180. 000. 8088. 0080.
0077. 0808. 0085. 5181.
5831. 7850. 7800.

mma ΜΒΝ· 'Im-

 

