'll V. IMPERATORES ET IMPERATORVM FAMILIA.

1111111101). 11111111. 111. 111111
(1. 201) 0010.

2111 21111 Aug. 1111. 111. “. 111.
111111 (1. 202) 30.

111111. 1111. (1. 20211111031.
111111. 11. 111. V. 111. 111111. 111-
111111111 11111111111111111 11111111
(1202151911.

1111. 111-11111. 111-111 (1. 2030112.
11. 111. vn. 111. 111(1.1.111111.
(11101111111111111111111111 arlucum)
(1. 201) 313.

lup. 0111. 111111. 111011. 811111
111-1. 0111121111. 1111. 11111. 111.
vlu. 111. 11 (1. 205) 3171.

1111. 0111. 11. 1111.- Aul. 2111 21111
Aug· 1111. 111. lx. 1.1. 1111. (1.
200) 0075.- - ,-
1111. 111. xm. 1111. 11. 111. 111.
111111. 1111. 0111. Ι.. - Aua. 01111
(1. 210) 0701.

11111. 0111. 11. 111. 111. 2111 21111
111. 2111111111011111111. paulffi
1111. 1111. 111. 210.1111.11.111.111.

111111. llll. 1. 1. 111111. (1. 212) 3187.
111111. 11111. 0101-11. 1111. 21111.
1111. 1110. 111. XV. 111Πο 1. 1.
111111 (1. 212) 1070.

1111. 0111. 0111 5111111111 51111121)
111111111111.2111.1111. 0111. 1111.
01111 - 1111111, 11. 1111. 1111. 2111
111. 21111111. 11111. 0111. mu· 1111.
Q· 1111. 111. XV (1) 1111. 1111111.
1111 (1) 1. 1. 1111111 11111 (1. 2121
2131) 027.

11. 111. 1111. 2111 21111 Aug. ....
1111. 211111. mua—Qut. 1111. 1111.
Q. 11111. 111. xvl. 1111.1ῐ111.
1111. 111111, 111111111111111111111-

. musque 11111111, 111111111111111.
213) 323.

1111. 0111-ζωὴ. 111. Π lmp.¹
1167111. llll. 111111 (1. 213) lou.

1110111211). 111. nn. 11111111
111111111111 11111111 (1. 213) 0721.
lma. 0111. -21112111111111111111,
211111. 1111. BQ. 1111111111.
Q. 11111. 111. 1111111111111.
llll. 1. 1. 111111 (1. 213) 7202.
11111. 0111. 11. 111. 01111111111111·
111 2111 21111-111. 11. 1. 2111.
31311 1111- 111. 1111 (12131111.)

luy-cuam 11.,111. Aul-Qu· 111,
xvn. 1111. 111. 111. 1111. 1. 1.
111111 (1. 210) 5330.

1111. 0111. 11. 0110111111111111·

1112111 Falla 111. 11111. 1111111.
21111. 1111. 0111. 1111. Q 1111.
Qut. mag-lull· 111. lel. 11111.
11. 111. 1111. 111111. 1.1. (1. 211)

1111. 0111. 111111. 1111111111 2111
21111111. 211111. mux- 0111. 1111.
Germ. 11111. 1111. 1111. 1110. 111.
11711.1111.111.111.111(1.211)0550.

· 2111 21111 Aug. 0111 0111. Su-
1111 211 2111111111 11111. 111111.
2111. 11. 0111. 111. 111. 11 111111
0111. Aug. 11111111111111. 111111-
111 11 1111111 111111, 0111 11111111
211 011. 011. 111, 0111 1111111111
211 111111.. 011101011111111111..
0111 71111112111. 110111 Nemo
111111..-211111. 0111-01111. 111.
11. 1. 111111. 1111. 111. 111.“1111.
1. 1. 1111 (1. 215) 5505.

1111. (1111. 11. 111. 0111111111. 2111
21111 111. 211111. 11110111. 1111.
0111-111. mu. 111111. 1111. 1111. 111.
1171111111. 111. 111. 7170111111.
1· 1·0·01,-0,,3121,,, ,.
1111. 111. 1171111. 111. 1111. 1111. 111.
1. 1. 11111111. 210) 5500. —
1110. 111. 1111111 (121111) 1111111

(111) 1111111. 1111111. 1. (1. 2101
2151) 0700.
Titulus 300 mala ud 1111110111
Philosophum 111 011011 refertur,-
11111111 sulm ud Caracallum.

Fulvia 2111111111 0111111111.

F. 21. Aug. 1111111111. Μ. Aur. 111.
111. 1111111111. 1.. 0110111181-
11112111111111 Aug. 5500.

(0211111.) 1111. 11. 1111111 Aul.
111. 2112111111 111110111 11111111,
1111. Ι.. 81111110 Severi 1111. 211
1111111-1111101111121111111 11111111
111. 111. 11111, 0111 (2. 111111 2111-
11111) 1111101111111111111111111. 11.
11111111111111.1111111111111111111
111101111111111111(1202011001.

(2. Pl. 1111.) 5077.

F. 21. Aug. 55000752.

1111111111

Fulvius 2111111111.

2. (1) 21111112111111111 11. 11. 1.
1. 5103. 5500.

C. (1) 2. 211111111111. 11. 1. 1. 111.

F. 2111111111 11111111. 111011111111
11. 11.11111111111 1111. 111. 11.
211111 21111011.

2111111111 0020.

11111. Caes. P. 8111111111 01111111.

0. 1. P· 0111. 0111 110011111111011·

111177*

 

