0. syrte 57101.
0. 71111151 11000050. 000170001.
0. Τ. 1111155707.
0. 1115151 1050115010050.
0. 01105151 1101.
0, 1101111 1100. 000015. 0005.’
0151511151 1700.
011 0001. 055005115 0517300.
0. 515501 0110. 5050. 0. quos 551501
5515511700.
011 010101101 0107. 0015· 7100.
011 00101011. 0110. 0130. 5051.
011 00151150 1010. 1001. 0710.
011 110015 015115.
011 0010555 115515111151 1700. 1000.
0010. 5051. 5051.
01) 0010 55111011151551111010100.
011 5555111151 deosque 5111551 0105.
011 0510 5155010120. 0101.
0)) 0010550 551551 0751.
011 115501 0011555 0113.
011 0015550 communes 171015.
011 0510550 15151111511075..
⁴ 011 0010555151551551 solutores 1500.
0110510150111101100151511551115510101.
011 0010550 011111111051011070.
011 155151111οι 1000.
011 0551511115101 3007. 5050.
0. 0. 051551 (10.15551151515) 0700.
011 551111515770.
011 1151155101 5000.
011 15151151 5000.
011 5555111101, omnes - 0005.
011 1510111170. 1010.
011 151551 0570.
011 151101 177015.
011 loct 5100.
01) 151551 151115.
0. 51. 1115115501151 1051.
01) 111501 1100. 1705. 1707 3 0015151105
0. 01. 501. o. Nocotesso 55115.
011 11151151 5000.
011 1511111101 0100.
011 1115111151 5011.
0111555155151 1000.
011 51551551051110100.
011 511051017010.
0. 5. 1555111 1070.
011 511015) 5015.
011 511111 7010.
0115051151 050. 7101.
011 51151511) 710511. 1551.
01) 51551111 0000. 1151. 000111).
011 05151510 101 55111010 010115.
011 1115111111 0100.
011 11551111) 1500. 1500.
011 105511 0001. 1150.
011 10551111111 0001.
5511551 1101. 1111.
011 155011 01151511 17701771. 1700.

111. 011. DEAE. MYTHOLOGICA 011111.

ml sym ὀπί fle
01111515) 1700.
0150515051. 001 - 1050.

- 011551. 1. 0011551.

01015001 5710,

011511011105. 1107. 1100. 1100. 1170.
0000. 1007. 0010. 0111. 7300.

01110707. 5051.

0. 551111 XX 001.

0. oss-eso xvt 0070.

0. 5551515 xx 0071.

11551151 01151515 1001.

01115 5077.

0. 15551115 5070.

0551150. 1. 0551001.
05151515 01055151 1111151 1000.
051551 111551) 001015,

0511151 115511 0500.

01155501. 515511 - 1707.
05101 011511) 1000.
0505111511) 1000.

0511111 5000.

1111155. 5001.

11111151 (11115151 1), 1. 15551101.
1150515111551 1001.

005111. 1000,

115551 100. 1001. 1055. 1703. 1701,
5000. 5000. 5001. 5001.
11. 155. 1700.
Esus 1000.
011110510 5000.
Eventus 15550151 1701.
11555111. 1700. 1701. 1700. 1001.
B. 11. 155. 5000.
B. 11. 515105115511 5115510111 01 1001150
1555115155 1.. 00511511 0111. 151.
15155151 0071515.
00511155151 0. B. 1705.
1151150107.
115111511000.
1111151 00.
Eurysteo 1311.
11511 5017.
1115511 0111001. 1700. 0070. 0071.
11111771. 1770. 0100, 051015. 5000.
10155. 1775.
7. 05115551. 1. 00115551.
F. 0111510010.
0. 01115101011111151 1771. .
F. 51115 1501515111 1570.
01011777.
1111105700.
1111111115 1770.
011515 1700. 1001.

0. bosom 1770. 0500 = 5700.
1111510010.

F. 511151 17103
11151. 15111155 511 1115515000.
0151110115, 1. 115011. 1. 151551 1700.·
1101101111 1111. 11511. 10. 1551111. 15-

 

