0 11. 00000000Ῑο0.

0111010ου00, 101. 00.
0100101010, 001. 001. 1005.
0001010010 5190. 0519.

01100 110 011.

01111011 700. 5070. 0910.

0. 0111010907.

0. 0110010910.
0111110000, 00011000000 5019.
0100 91.

0101110 90. 5005.

0111101110 571 00.

011010 0010.

0111111101 0507. 0090.

01111101 0100. 0710.
0. 1110110100.

010100111 010.

0111010090.

01110011000,110100 - 0001.

011101 0. 01011001.

0111101100.

01011001000. 0900.

01110 0101011010 11) 0900.

0100110110 1009·

0000100 0500.

0101100001 0000.

000011010700.

0010 100, 070. 700. 790. 1101. 1195.
0071.0055.Ήο1.0009.·0101.0000.
0001 . 0051. 0050. 0001. 0070. 0900.
0000. 0000. 1000. 0000. 5001. 5500.
0590. 0007. 0017. 0150. 0070. 0109.
0500. 0500. 0500. 5700. 0901. 0910.

0011100110 00.· 1050. 1701. 0107.

0000110110 0000.

0010110 07901.

0110100.

0011110 0010.

001. 0011111001 0700.
001011177. 0001. 0570. 5010. 0109. 0907.
00101101 150. 770.
0011110101 011011110110 1000
0010100 100. 000. 0150. 0001. 0079.
0007. 07001900. 0010. 5010. 5000.
5100. 0105. 5010. 0707. 0001. cs.
1110110101.
00011οι111 00101011 0010.
0110111100100011000 150.
01111001 1000507.
01111100 0000.

0111000711.

0111101 (1105.

011110 09010001.

01101101 0110. 0110. 0110.

0111010 0100.

0. 00110 011.

01110010 11. 0070.

01101111 100. 110. 0005. 0700. 0000.
0000. 5107. 0105.

0. 0101010900.

0111111101 011110 0001. 5000.

011101110 5900.

01111001 0101.

0111011110 00.

011101101101101 100. 0177.

0110111001 000. 000. 000. 000. 070.
0000000.

0110111100οι 000. 0000.

0. 1000110 009. 0017.

001. 1111111010 00001100 110011111111·
111101. 000. - 101111010 0001 01.
01100111.

0101000 0110.
0000101110 0770.
0010010 907.

0. 0011100010· 70. 0000. 0100.

0. 0001101010 091.·

0. 0010010000 5000.

A. 0001100101110100. 101110010010

0. Treuerorum 009. 0770.

0. ’1100000110

1110 0010010 00101110 1000. 0010.

111001. 0111101. 100.·

0010110100. 1111100001010009001111111
0000. 9010. 0000. 0790. 0000. 0900.
7150. 7100.

010001 August. 10110οτ00100) 0009.
11000001.(111000000110111001)0009.0000.
1. Augustinorum 0001. ’

010111001010 1100 100.
110 0011111 0070. 0009. 0700. 0100.

0. 0. 0011 0007. 0001.

1. 0. 111110 150.

0011111010οο 0010010100001,0101011011-

1100001101. 0111100 -· 0705.

00111101 0000·

0000111110. pegus 0900.

0011010111 0000. 0099. 0900.

001100010 001. 009.

0001100100 0000.

01111111 5100. 0000. 0070.

1111111111 0910. 0000.

metm ω· 2⁷5⁹· ³¹⁷⁰· ³25⁴· affl·
0010. 0570. 0007 011. 1070. 5199.
5995. 0101. 0097. 0590. 09001 01.
1910110010.

0101100001. 0000

0011111111 70. 5100. 0100.

00111100.

0111111000 1010110010 11 0010011000 100.

01110101 10011100 709.

011110110 100.

0001101 5105.

00100110 000. 0001

001011111 01000101 111 01111011 100 011.

0110111000 0009.

0110100. 001. 11011100 111101110010011
9110107.

0010100010010 1000.
0101111010 750.

 

