vm. RES MILITARIS. 188

8111111 18. 8888.
R. 8888.
8111111 81181. 8888.
1811111118. 8888.
88111181 1111111111111. 8888.
88111111. 8888. 8888. 8887.
811111111181. 8878.
81111. 81. uuus: 81. 8888.
8811111111181 111111111111. 88811 11.
1111111.
8811888111 81. 8888.
818111811111 8888.
’1118111181 R. 8888.
8811111181, 1. 1111111.
’11188111 8111111 888711.
88111818 8881.
81111181 181111181 11. 8881.
11111111118111111. 81. 8888.
8111111181 888811.
811111811 1111181.
811111111181 1111111111181. 8888.

8. murana uaria.

18111111 8111111 militum 11111111 1111
1111111111 1118881111111111 8888.
1111 ·.= 1111111811 8881. 8888. 8888.
8878. 8881. 8818. 8888.
1181111811 1111111111111111811181 111.
111181. 1881811118881 8788.
1111118111111811878. 8888. 88881.
1111118113 1111118781.
81111111 818111111 1111111111111 8788.
1111111
111118811 1111. 11111 8111. 11. 8111.
858811.
111111111811 (11.11111111111.8111)
111111181188813 ’
811111118118877111. 18811111.
81111111881187117. ¹
(11. 8118811) 8888.
81118818 8888.
(8111111111) 8881.
(8111111) 8888. 88788888. 8771.
b. 811111 81111 111811111111111 1111.
111111 ’1111111 111111111 1111111111
7885888811.
811181118811 1888.
1111111811 (81111111) 8888138881.
811111111818 778.
(11111111 Aug. 1181. (1) 8111) 8188.
Germanicum nucleum 1878·
11111. 858811.
mmmm (Veuuuuuu 11 ’1111) 718.

(11111118) 111.

111111111111 11111 11181111 1111111 111
8111118888.
8111111111(8111111) 888. 8888.
(88 1111111111 Pio 1111181111 8888.
(1.. 11111 1181. 11111111) 8888.
811111. (811111) 8881.
8118181811 888.
81111. (cm. 1811888811.
Suebicum 81 8111111181111111181111111)
8888. 8788.
8811111818 (1111111) 8888.
711118818 881.
11. 1111888111.
8111111 1111111111111111111381.
811111 8111118118111 188811, 188811.
8111111 81111818 888. ’
Collegit 1111111111,1. 11111111.
8111811111811
11 1111811111 788.
Χ111111 1811111) 788.
8111111181 1111811111) 888. 8888.
1111118118.
1111111 (7111111) 8888.
81111ἓ111111111111888. 81111111811111) ·
78.

8111811181 8881.
8811111111 88883 8888.
(11.11111111111.. 81111111)8877 ‚
(11. 11111181) 8188
1118111 (11118111) 788.

111181111111 1111111 11 11 1118111111·
111118818.

8118118111 8111111111 (11. 11118111)

1881111 (1118111111 8888. 8888. 8881.
81811111 (Τ111111) 8888.

(1.. 7111) 8878.

(811111) 788.
&annuam (81 11111111118111118111)

81111181118111111111(81111111188818.
811118 (flauum) 888.
11111111 11118111111181 11 1111111111
1111111111 888811.
'Deductus 111111 1 11111 111811181111·
11111111. 111. 8111181. 8888.
111. 111. 811118888.
81111111. 18. 1111111818, 111111111111111
81111111 1111111118888. 8888.
11111811 1111111111
h. 88811111118888.
11881881 111111 8818. 8881. 8888.
8888. 8878811.
1811111111 8818. 8888.
8181111181818887.
11811111111111881 111111111 7178.
1111111115· 111111111 8888
11881111 18111181 8878.
1111811211111181111811 8887.

 

