0 Π. (000οΜ011101.

munis. 0101. 300010. 0100100011 5000. 5000. 0000. 0011.
011111113500. 0013. 0000.

010111110 11011111 00501. Capriculanus 01101 1101115105.
Caesariensis 0000. 0037. 01001 0570. 000010. 317310. 3300.
011111. 1101. 5737. 5157. 0305. 7000. 7150.

001. Caesar. 1101011101 0000. 101. 1011111111101011101001 3000.
0111110011100111 5003. 0000011111 10111 111011110111 Canna
0111111 100. 5155. 5150.

01111101 5150. 01001111101 hortantum, 001001 - 5307.
0111110051. , 01111115101. 5100. 5500 7110.
01110111 1007. 1100. 1170. 3005. 3700. 01111111001 3050.

3035. 5570. 55701. 0500. 0705. 01101110) 0001.
0030. 01111111 3000.

11110 0111111101 0570. Carmo 5010.
01111011111111 111111010110110110100000. 0110., 1100. Ast. 0075.
catanenses, 111110100111 5300. 5705. 1011101101οι 3000.

011000101 5070.

v 01111101 130. Carnuntum 0030. 0000. 0005.

0110100111 1000. · 01100110010101011011110100110117000.
0110111000 505. 01101 007.

Cale? 52¹⁰· 011100011101 5330.

01111110100111 011011111011111. 001001 carthago 00. 500. 1003. 3000. 3500.

5337. 5005. 5310. 5500. 0507. 0511.

011101 130. 5300. 0503. 0501. 07001. 0000. 7000.

0101001177. 0331 ss. 0011100111. 0111111101111111 11101010035.
01111101 10000101 5030. 1110101111 Carthaginiensis 0010. 0000.

0111111101 5000. 10111 01110110 3000.

0110010110111, 11101 700. 011111110110111 500. 0000.

0111111111 11111 0030. 001. 011111111100111 nora 3000.

Camulodunum. 00101111 110111000111000. conventus 01111110. 3000.

camaria 890 = 2⁷⁰5· 0111101111001 1303.

0111101101 000. 0170. carratii 3000.

0110011111 3575. Casilinum 0110.

010111001010581· casinum 1111. inus.

10 campana 001- 2⁵⁷⁰· ⁸⁶⁶⁰· 0111111..11101110011011. 1101.
Via 0001101 01010101 ³³15· via Cassia 000. 3300. itti. 0500. 0030.

0111101011 1001003. 1101. 1100. 0000. curalium 50311.

0005. 3100. 0100. 3170. 3173 an. 011111001001111,01111100101101111303.

3075. 3310. 37013700. 3035. 5150. 5101.

5159. 5593. 0081. 6507. 6000. 5910. castrum norum iiii.

0000. 0010011 10111 011110 0010 1000. 5503.
campani ³³⁹8. ³⁵³6· 5¹⁶¹· 0.......111110010110 1101.
0100111 Campanorum 01. 11113703. Casinis 5010.

Campanus Taannnais 0000. 0111011111 0005.
010010110111 0070. 0111111001, 1111010000.
Camurti, 01100001 0100. 3700. Castus 3708.
0101 0073. 1101011101 3770.
(1101101011,110010101010111110111-3000. 0111000111 0510.
010010111101. 0100001111οι 00. 5010. 011111100101301ος 0. 0000000110.
010011001.101101011110101110110030. 0110111115010.
001. 01001101 0510. Caturiges 000.
Canusini 0007. 011011110101101 5010.
crusna. municipium 101001110013000. 011110110011 3101.
0101011111011101111000. 3007. 3000 010111015030.
= 0000. Caudium 3055.
cram 3710. Caudini 100. 13110.
1111111 01001001111000. Cauinniaiai 15010.
1101111111 0101100111 1003. 011011 5055.
010011101010 10111111111003. 0131100000111 100.
010110111 001. 0010115001. 5051.
0101101001 111111101010 100. 001. 0110011 011111. 501. 3000. 0700.

 

