’ 011

010 0111111 111. ii, 0. 388.

0000110 0111011111 3308.

010. 001. 01110001 10111111 3051.

minin 1 municipii 110.

iiiiii 1 00111111.

Pii 011011011111110101111101 6800.

PBL 001111013337.

0110 011011011111110101111101 01111110

00 011111 1001111011 5503.

00 01110001 civitatis, 111101111170.
0175. 3003. 3808. 3000. 0703.
5181111.

0.0 01011 eonium 1103.

P. 0 011 10011101 (eonon) 3338.

0. 0 0001100111 1011111 1371. 6001111.

00, 00 011111010111001 vni. i, 0. 517.
1357. 5537111.
0.0 01111011 11011111 730. 3130111.
Ρ. 0. iiT.s.is.n ponendum 1011·
111 oi 1011 11111 0111111111 8030.
0.0.11 01111001 10111111, 10100111
0011111135.

0.00. 001111 0111 1101011100 domini
0011111115.

0.0.8.Α.11010100001011111,1011
11111 010111111 080 (0371. 0581.

0 .11. 0 0051101 decurionum 0111110
5130. 5135. 0008.

Pii . Pi.. 01 01011 0101 minuo 1513.

000 01100110111111.

000 01011011 70151.

000 010111100018335.

000 0101111, 010111110011111.

000 0110011 3063 111.

0011 0111111110 1355.

0000 011011001 3031111.

0110 0111101 6000.

0. 00. V . 81011 001011 11 Victorino
notovit 0551.

0.00.0.8.3.8.8.Α.1).0.0
n. 8170.

0.0 011 001111 (logio) 0011111.

0.0 0101 11111 11001111111110111111.

1100110.

0.1.8 0101 10 1011 1007. 5003.
P . 0 0111111 1100101101 1131.
01. 0111011 0117111.

Ι0. 1. 01000 quinquaginta 800.

01..11 0101 minna 1100111.

ΡΙ. ΜΝ o 1 vom, 0. 517.

0. 1. . P 0111111101 1111 Petronio 3080.

0.0. 01110001 0100111011 3010.

P. ii 0101 1010010321 111.

0.0 01011111 1011111101 01111111.

0.0 n 011001110353.

0.0 001011 0111111 1081 .·. 1535.

0.0 01111101 0110101110101111 0351.

0. 0. 0 provincio 1101111011 0111110001
3508. 0500.

00 0010111330.

000 01011111 1111101 00111111.

001. 001111 111001 0111111.

0010 0111101101 1111101 00111111.

0011. 08118 ponentium 1101011011 105,

00110. 11011. Avo 00011111 000101
10001111 0153.

00010. iiix 01011111 maximni 0011101.

000 00001101 (inno) 1300.

000 0000101135. 3661 coi.

000010 0100100010 101. 11, 0. 301.

00οΤ 0011111 1101.

00110 00111101 15113.

0000 0111001111 noi. ii, 0. 306.

008. 100 . cosi 0011 110101 01111111

POST 0111011101 3111.

0. P 01111 0111111 0111101.

00 01111 0111001 0313.

0 ,0 0111000 011011 1130.

0. P 0110011 0001111115. 300. 3077.
3388. 1000 111.

0.0 0111111110 01110011, 0111101001 iio
1110111 Africanis 530. 6303. 37631111
1111111110 Tyndaritano 5163.

P. P 1111011001 possim.

P.P 01101101 1100111111 1500.

P. P 01110011101153.1030. 0831. 3131.
3313. 5570. 0177. 3300. 0513.
3551. 0538.

0.0. 0. 0. 011 1101111 10011111 0101· 0.0 0001101101. primipilario 71. 830.

inodo (11110) 075.
Mastia. 0101 11111 111101 (1010111101)

007 01111111015170.

00. VB 0111111101 Urbi 1151.

ninii. 011111113505 111.

0.0.0 provincio 01101011 11111101
155. 157. 0135 111.

01 0101101111050. 1080. 1330.

010 Picenum 3103 111.

0. 1610900100οι 101101100οο 1011.

011) 10001 010110111570.
018 01110110111103151535. 1081111.

1015. 0000. 3100. 3157. 3153.
3175. 3180. 3107. 3111. aiio.
3571. 3763. 3333. onio. 3775.
6777. 0353. 6371. 3375. 6333.

0.0 010 01111 1503.

P. P 011 01111111 0073.

0.0 0110111 11111) 0300.
P. P 011110111 Pannonio 3510.
0.0.0 primigenio 011 301111 (logio)

131. 100.

00. 00 011 11111111137.
0 . P . 1. 0051111010 inomni 11511101

iiiiii 111.

 

