IX. RES MVNICIPALIS.

0. 0011111111
001111111 1111111101 10111 110011111101
001111111οφ111 1111111111.
0011111 1110 11 11011 Fue. 7110.
1111111 1111101011 1000.
alimentorum distribuendorum Gurubi

01ΞΞ1Ξ11 1110. 11111101. 11011 Fue.

1111011111 111 00011111 corfini 7171.

11110111111011 111 01111111111111011
1111. 1111111101 11111 101100. 11·
110110 Aug. 011 1000.

011111101 11 111101 1111011111 111 0.
(1110111110101 11110 0111110011-
101111110 11101111111011001007.

111111111011110101 1110. 0011111100.

1111111110110111111111111111110010. 101111110101 10110011 Vatum 1710.

1111101 1011111 0111111 1001.
0110111111 0100.
1111111111 0301.
1010011 11110110 11111000 101. 0500.
1011111 01101111101010. 0155.
1111011 010010 011101111 11111101
0101 (1) 1000011 1111011111 1101.
11111111101111111111 000011 1. 1111.
0301 = 3305.
1111101 11011 71111111 0005117000.
10011011 11111111 3001.
10011 10111111 111101 3007.
10111 10110111011111. 7110.
1011101 111101011110011111 05010.
1111010 0101011011001101111 1111-
111111 001.
110111111111070. 7151.
10111011 1111011 Romanorum 011111·
1111 1001011010 1000.
1011111 1010011110111111310. 310. 300.
370; 101110011101 1 01011111 1111·-
11111111 1111111001.

1011111 1101 010011 0011.
1. 1111. 1018. ‚
11111011 111 1011 1111111111 5000.
1101 111110111 11110111 710011 0000.
0701. 0003110100. 1100. 7110.
1101 11111111 1001 1111110111 0071.
10111111111111111011111111111111110111
1011111 1111οΙ1 1110111111.
111111155001.
qul 01111111111101011111 01.
101111111 111110101111111 1010.
1001 111111 01111111 11001111. 0150.

1011101 1111111111111111 0000.
11 110111111 1110111111111100110700.
111111οι1 0111011111 7117.
111 11011111. Eburi 7115.
101110111 1110111111 01100111 11 10·
11111 10111011 1101011 1000.
1111111 1111011111 11111111 0010.
Fssbffl‘· W· τωο
1101110111101 1101.
⁴ 1001111110001.

causet. 0011101. 1110. 111. 111.

1111111 01011111 0001111 11 01101110.

Vocontiorum 1005.
11111111 110.
1111111111 1107. 0001. 0000.
100010.
711111010.
11011111 1111 00111 0111111111 0371.
11001111 010011 0011111111 1110101-
1111110500.
1011111011111111110011111111010705.
11001111 (11001111 1111111111 10015

1011 11001111 0101111 10111111111111·
01111111 0111117007.
10111010011001000111111111111110710.
11111 Fue. 0155. ·
011111 ‘220⁴-
0110011101011111 11 0011011 00011-
011011 0111111 0007.
0011010 0000111010 01101111 111111
10 11110 111111110 1000.
11101101110111011001100100000.
00303 00001010101110011000111111

1011101 (101111) 01111111 110.
001111 1011111011 1110110 1110. 011-
1111111111101 Aug· 0111111111 3001
1111101 4001100σο1011 0111111011 5100.
1101ἕό0 0111111 11100οΙ1111 0110111ιο11

01101111 00011111 1011101 0000.
Sutrii 0070.
1111111111 0150.
01100111 00011111 1110111111111111·
0110111 0111110000.
0110111101011111 11 001101100011-
101011 1101111110.
01101111 111111 11100011 0700.
101110111 0110110111 7111111111 1015.
111111150101011 1111011111011 111101

unga. 1111011111 11111011011111 11

0111 110011111 111111111 0011111111 150.
1111110111101 111. 101100. 1100.

11110111 11111111 (0111111 Imm
mmm 0..
l

 

