100 . vm. 11Εὲ MILITARIS.

ῑσσίθωῖὓῖιῧθῶθω· ³⁹⁹⁶· ⁵2⁷⁶· “⁷¹¹ gannlclepsssoffimor 1111. 1. 11101 0450.

1111111 111111111 1111. Ι. 0450.

11111110οθ0. 5470. 5470. 0450.
1111. 1111. 111111. 0174.
111101011111101740100. 00000000. 1111. 1111. 0050. 5450. 0000. 0400.
0400. 0501. 5470. 5470. 0700. 0050. 0850.
0111111111 011111 400. 445. 440. 1111111. 01000000.
447. 454. 455. 400 0040. 0000. 11111111 0040. 0000. 0400. 4074..
0000. 0455. 4074. 4000. 5400. 5400 (1).
5450. 0000. 0400. 0010. 111111111111111110010.
1111111 0501.
1111111 111110010.

(11111 01 1111111 vom 01111. 0050.)
01111 011.

11111011 111. 040011. 11111111 040011.
1111111 0407.
11111011 1111111111 517. 0174. 0000. 1111. 11111. 111111. 0174.

0000. 5407. 0407. 0500. 0777. 1111. 1111. 5447. 0500.
1111111. 517. 0777.

11111 0111001.” 0451 (11. 5110.
, 11111111 1040. 1000. 1001. 1700. 1700.
3¹ 101710405400. 0740. 0010.
11111. 1111. 040411.
11111. 1501. 0404.
111110111 1111111100.ϋο..510740 11111. 11111. 0407.

005. 1014. 1040. 1070. 10001004. 1111. 111111. 0441.

170010171040. 0101. 0570. 0000. 1111. 1111. 510. 1000. 1000. 05700451.

0000. 040411. 0407. 0441. 0404. 5010.

0500. 0500. 5450. 5010. 0740. 0707. 1111111. 740. 111 111 0451.

0700. 0000. 00500055. 0071. 0000. 11111111 0500. 5450. 0707. 0700. 0050.
1111. 1.1. 0700. 0071. 0000.
11111111111111115011001.1000. 111101111111 111111 1111111111 1004.
1111. 011111110007. 1111111111111 11111. 111111. 0407.

1111. 0111111111700. 4000. 1111111100. ,

11111111115110. 0007.

1111111111, 11111111 0000.

111111111111 4000.
&mmm

ιη1001701131,.οὕοὛ5000769013οῃ0030.1111111000.00775070054001451.
0000. 0450. 0450. 0400. 0400. 0400. 74001.
4000. 5100. 000010451. 0400. 1111.1111.00. 000. 1710. 0100. 5450.
07700704. 7000. 0000. 0400. 0707.
1111111 1111111111 00. 1111111. 0450. 0770.
1111111 1111111 1111111 0500. 4050. 11111111111111110450.
5450. 5400. 0400. 0740. 0707. „nummii amam
⁷⁸2⁰& 111111110077. 0400. 0710.
“ Imm “⁰²⁸¹ ¹⁷⁴⁰· 111111. 1111110500.
(11101Ὧο1111 1111111. 111100111111111. 111111111 0704.

wamy mmm
11111 0111111111111740. 0000. 0404. 1111111 0400.
0404. 0500. 0700. 5000. 0400. 11111. 1111. 040411.
0000. 0740. 1111. 1111. 0740. 0044.
1110111111 111 1111111 0044. 11111111 0404. 0500. 0700. 5000. 0000.

1111107111111111007000700700. 11111111 0700.

 

