4111111111 4448. 4141. 1544. · ·
1. 1111111 1417. . ’

sonum 11111111. me.
1111111 4811.

4111111 4411.

4111111 1111111111 1111, 4111. 4444.

xm 1101141111 111111.

· 1171171811111144141 m “Bo ’11441

11.-111111 4114.
4111111111 1454.

'. 411111111111 11111.

1111111 54441. , ’

4.ἧ2;111ο111111111111111111111111 11 11111 11111 111111111111111 11111111

1. 111111114414.
4111111111 4114.
4111111111 8115. 1114 111.

11. gladiatorium 1445. 4111. 1111.
speculum Venenum 1171.
4111118414. 4414.
411111111111111 47.

4111111 11111111 4141.

41111111 111111111 11111111 7114.
4111111111 1441. 1444.

sponsu· 1447. 1784.

111111 1111111111 4111.
41111111141. 4744. 44441441.
11. 11111 11111111111117111.

411111 411111, 4111 4441-44.

Augusto 1111111 111111111444·

= 411111 4141.
· 4111111 4144.

41111111 4144.· 4411.
4111111 4444- 4417.

111. 1111111 11111111 1111111111 11

1111111111.’

4111111111 4441.
4141111111 7444.
4141111111111 1441.
4114111111 4114. ’
4111111111 41 = 4147. 4441111.
4141411111 4445.
4111111111 111114111111 4441.
4111111111 1111111111 5111.
4111111111 411111 4441. . ·
41111111 1111111111 11111114147. ·

4111111111 eum 1111111111 111111114477. Τ1111111 131311114113141311· 1331·
1111111υ1111 111111111111111111 4454. 4541. 7111. 7411.
11111111114111 4111111 1111111111 1·111111111111111111111111111111111111·

consumtum 4411.
41111111 7144. 7141.
11. 11111111111114144.
4111111 1414. 4111.
11. 111111 11111111111111417.
11 Ι(1111111111 7414.
11. 11 1111111 4444.

11 11111 1111111111 111111111111111

’1141111111 4441. .
’1111111 11111111 114111117444.

1. 11111111 841ι

1. 1111118488. ·’

’ . 1111111111 11111 1111111111 11111441

4111111111147. .

’114111111114124141.41111.“

1. 1111111 1444.

namuurum 11 ponderum 111111- 1 11111111111111111111311111111111

11111111. 4111111117144.
4111111111111111111111. ’
11. 11111111 111111 111111 114..
1111111 11111 11111111 8448.

11111114414111. 1111111141.
1111 4115.

’11111 4444.
1111111111 7471.

11. 11 1111111 1111111111 1111111111. 1111111 41.

111111 144.
11. nub 1111 4185.
11. 11 1111 argentoque 1144.
11. 1111118441
11. 1111111 4514. 5474.
11. 111111114441.Ι
¹¹ut. 1111411111 4474.
1111 1111111111 1441.
1111 1111 8111. 4114..
1141111 11111114141. -
11. 111111 114111 1141. 8144. 4477.
111111 1111111 8474.
11. 111111111 4414. 4444. 4444. 4454.
4.144 7154. 7171.
111111111111111 4744. 4441. 4441.

ι Ι1111111ἑ11141111111111114.
41144441111115117. -

1. 111111 1111 1111111111 11 11111-
11111 1111111 8111. - ·

Temnum 1774.
’11111111111111 744.

’ Templum = 1111111111 141.
11111111111114481. ·

1. (4111111111) 111111111 474.
11111111 (4111111111) 1444.
1111111111.111111111111111111
1.. Vero 1111. 5474.
1. 1111111111 11 11111111111111114484.
1. 1111111 111111111111111111111111·
11111111115114. 5114.
terminorum 111111111111 1441- 14.
1111111111 4411. 4414. ‹

’11111 11111 4444.

11111 1. 1111111114.
111 1Ι 1. 111111 1441.

11111111 4541.

 

