111. nn. DEAE. MYTHOLOGICA VARIA. 35

Μ. 1111111111 11111111111111111 11081

Μ. 1111111111 1503.

9111Μ. Monens 1107.

Μ. 11111111111110.

Μ. nundinator 1109.

Μ. 11111110019.

Μ. 111111111111111111 111111111111-
111 11 conservator 539ος 11. 5091.

Μ. 11111 111311. 1111 (111111111-
1111111111111 ortus).

Μ. 1111110.

Μ. ’11111111 (1111) 5917.

Μ. 911111115993. 59911 1. 11111111.

11911110 11111 11111111 1111111111111
1111111117.

11111119109.’ ·

Μ111111111.11; p. 381. Κ. 11111. Esqu.

11. 11111 317. 739. 1173. 1993.

1978. 1979. 1980.1307.1338. 1355.

13931119. 1191. 1199. 1819. 9033.

9051, 9059. 9133. 9180. 9907. 9909.

91351 9507. 3010. 380911. 1091.

1913. 1971. 5911. 5333. 5590. 5898.

5911. 0095. 0130. 0137. 0010. 0793.

0857. 0859. 0805. 7057. 7189.

7119. 111111 Μ. 11.Μ111. 111. 11,

. 1· ³⁸⁰·
Μ. 1111111 1901.

11. 111. 171 sp. 7910.

Μ. 311111111131. 1909.

Μ. 9111111111, 9111111111 1139. 9398.
1. Μ. 9111111111.

Μ. 011111111111111193.

Μ. 11011111 1) 898.

Μ. 11111111 1191.*

Μ. [11111111 mn*

Μ. Μ111111 5099.

Μ. 1111111 9199. 9831.

Μ. 11111101011111111111 1190.

Μ. 1111111 1197. 1198. 1199.

Μ. 9111111111 9399. 9330.

Μ. 111111 0777.

Μ11111115780. 0331.

0111Μ11111 1910.

11111111 Μ1111111 9317. 9350. 0039.

11111111 Mithran 1111111111 5817.

81111111 1111111111. 9351.

1111111111111111111, 1. indeprehen-
1111111 1111.

u. 11111111, 111111111Μ1111111 11-
1111111109.

11111 11111111 Μ. 195. 1001. 1881.
1908. 1991. 9319.

11111 11111111 08091.

1111111111111 150. 5983. 0301. 0750.

1. 1. 1111111 1930.

111111115810. ,

Deus 1111111 0011.

Ι). 1191111111 11111111111111 0011.

Μ. 9111111111 9353.

Μ. 1111111 11111111 1918.

0111 11111111 Μ. 011111 11111 (n), 1.
Cautus 11111.

9111 811Μ1111111 1911. 0510.

811 11111111 Μ. 1911. 1918. 1913.
9318. 5015. 0038.

11111 81111111111Μ.1909.1579.1909.
19151990. 1893. 9335. 9359. 5811.
0019. 0085. - patronus 00191.

Ι). 8. 1. Μ. 111111111915.

9. 8. l. Μ. 1111111111110191111111111
1111111111111) 1011.

Ι). 8. Ι. Μ. 11111111115817.

Numen invictum 8. Μ. 5815.

9111111111111 811 11111111 Μ. 00191.

11111 11111111811 1910. 9311. 3585.

811 11111111 1970. 1597. 19171919.
1995. 9310. 5811. 0137. 81111-
111111 1111111110·

Dominus 811 11111111 1111111 1111

9111 11111111 811 1111115855.

811 1111111 1913. 1999. vnde 1111·
11111811.

Μ11111, 1. 1111111111 Μ.
111111, 1111 -· (1111111119090.
Μ1111111, 1111111 0111111 Μ.
Μ11111, 1. luno.

Μ111111, Μ11111111 1. 111 Μ.
Μο11119107.

Μ111111. 1. 1111111.

Moritasgus. 1111 - 9098.
Μ11111. 1111 - 9097.
Mulciber, 1111111111.

Μ1111 11811 1000· 9009. 9870. 1891.

Μ. 111111111855.

Μ1111111 0110.
Narin. 111- 5903.

N· 11011111115031.

11111111. 111111111111 -· 1939.
1111111111 1900. 9103.

Μ. 811111 1905.

9111111111, 111 - 9099. 9030. 9031.
9771. 9775. 3919.

1111111111, 1111 -1915 9039. 9033.

9111115809.

1111 N. 1191.

19111. 1787. 17881789.

N. 111111 111111 111111 11111 (11511)

Bon N. 111111 7903.

11111 1111111 111111 11111. 1791.

N. 111111 11111111111790.

mummi 18118181 m ΣΤΝ-
mom 6110191 5809.

1111111111 5898. 5901.

Neptunus 1191111111011. 11111. 31.
931. 1307. 1399. 133013391333.
1335. 1330. 1337.Ι 1338. 1310.
919911. 350711. 5000. -· tutela
11111111 m. 81111. 111. 11, p· 939·

 

