16

311116 11 3616611111 6312.

cypri 3103

(1111616116) 31611111 5133. 5131.
ii. 6111116111 31111116 0130.

11111666111833. 3111. 61811.

Narbonensis 3173. 3136. 3835.

Penii 11 3111166111 3653. 5126.
5370. 6131.
31611116 3177. 5131. 6131. 6503.
61661611611166.16166161 111611
1116616153.Ι
6161161116 ..... ι5150.

Q. 616 61111616 (6111111 166116161661
appeliatum 61161611 611661616661-
1161116166166161661) 5363.

6161161111 11111116 3113.

1111116 773. 3363. 6133. 6356.
316111. cyr. 3113. 6766.
31111116 151.

ii 1111 6111166111 6611116111616 6116-
1616 1161161111· 66111161. 66111
6116 616 6166661616166111116111-
610661, 613375. ’

06111161 11 161. 16611616 75316.

Ι116661111616161166. 36611 61561.

11161161 16161· 66161161111 332. 2213.

0661116111 61660611 6616116161· 366-
0661161661.

Quaestor 3132. 6175.
0. 16111 0111 Theodosii 5533.
0. 16111 611106611138.
06611061 578.
0166113103.
16611 quaestionum 533. - 6611·
1116611 6150.
1. 6611106611 111616 616111116163827.
Ι. 166131111563.
1. 661110166611611166661333616.

,..----

11616111166111 (11111111) 3375. 3010.
6157. 661116. 1611611166661111616-
1661 11 1111611116166161111 3611166-
nine.-

1161611616· 337011). 3371.

1161611111 1666111111 3761.

1116111111 1666111111 161611666161611
01666 11116666 3313. 3373. 3131.
5003. 5150. 5177. 3007. 6138. 6381.

1111111666. 213616. 6503. 6512.
1111111. 1. 1. ii. 563. 733. 753.

3373. 3153. 3111. 3653. 5117. 5153.
5333. 0050. 6051. 0053. 6163. 6503.

iiiii-2. 3315.

’31166110 616111111 73. 832. 3013.
3151. 3153. 3183. 5303. 5368. 6013.
6153. 6131. 6311.

01111611116611611661111111131611.
551· 560. 633. 773. 890 1172. 3753.

117. 11Εὸ PVBLICA nouuuoiiviii.

‚0 1611.16111161116611111111.

3135. 3171. 3333. 35033653. 3733. ’

3335. 3333. 1010. 1353. 5135. 5113.
5173. 5173. 5501. 6006. 60116013.
3023. 3013. 6013. 61523153. 3151.
61561. 6130. 3183. 6137. 6133.
6501. 6713. 7036.

xvir 11100161 6116611166116130.

xvir 1111111161 1661116611 ex S. 3.

11113. 31011161 1661116611 3161.

1111116163111) 1111111161 1661616611
71301.

0610661111 vinium 6611661166 773.
113316. 3313· 3371. 3333. 2730.
3011. 3133. 37135126. 5113. 5150.
5503. 5331. 6151. 6185. 3135. 6500.

0661111 11611611161111616 11116 Urbem
1616666166) 6153. 6153.

1116116161 316. 3661. 6133.

0610661111616111111 ex S. 3. 6150.

3611161 vinium 50. ·

3611161 viii. 1111666611 563.

Vinium 6611161 61111 Urbem 11661161
61 S. 3. 16 quinquennium 6150.

Frumenti 6611161113. 3. 3133.

1116161111, 16111 1661116611 1606616611

1116161111 16111 111111611 616611 iudi·
116611. 6611116166161 6135.

Decemviri egris 616611 1610161666
1661116611 3133.

11166101166111116 66166111 6166666- 1
61670.

3166161161 imperitorum iu 6111611161
1166611061 6501.
Divi Traiani 322.
(61. 61106161, tribuni, aediles, 6611·
116161.)

11.1166306161601661161666611611116111
1116611111.

11161110 611116116161. 61.) 351. 335.
1113. 3100. 3157. 3153. 3153. 3131.
3333. 3113. 3132. 3111. 3138. 3133.
1331. 1303. 5513. 5531. 5583. 5603.
5633. 3171. 3173. 6513. 3752. 6333.

Pr. 61. 1161661 1188. 3103.
Pi. 61. Augu. 5177.
1616. 3121.
1616. 3111. 111116101611161 166.
16166. Μ. 161. Antonini 61 L. 161.
1611111.. 161. Commodi 1666.
3571.

 

