11. 0011000 sicui, 0101101, uiuum. 111

0010101110 1101110 0033.

0111100 0011001010013500.

00001 00110111 (1100110111) 7357.
00101101 10011001101110 in 110010 7303.
11111001 000111000111001 3000117300.
0110000101 0010011100 0011110100 iiu-

01111 370.

1111001011 00110011 1100100 7133.
(01.1Ἰὲ9 11011. 1100.) 101110 XViii 011100

· 01110011 111100 tignariorum 111011000-
nium 01 000101101010110100101011
40008060001100 100001010100 3030 =

0011. 0111110 1000010100 3510.

111 0001011000 011100 7130.

111 10 0100 11110 0001010101υο
100οΙ1. 1. 0011011110 1507 = 0335.

omuibus 10000101 1001101 0000 001-
Ι001 101100 11000011011101 10 1111-
110110 017.

omnibus corporibus 10 1000000110-
0011100 30011111 3035.

immunis 0011001111010011011 01 1100100
Romae 0017.

0000ἕὲ331000 3001101000100 3333

0011. 1011. 1110. 0055.
11 (1050610100010100 01001. 0.) 1101000

00110100 3111001 1111101101οο.
00110011 3111011 11001111 0007.
00110011 10101000101101110 Tusculi 0101.

0010010111 (euiiffliciuum 01 110101·

000 1100.) .
1101110 1001110101 1011100 0010100
00011. 1. 0. 3001000335.
1010001100 3010007373.

111110100 00110011 31110011010110011010-

diciorum) 1100100 3501.

innuo? (1000100000010111) 1111101

iuueni· Trebuiuu 1101. 3003.
00110011 0001011001 0100110000
011100 0010.

00110011 3111001 Comum 0035.

bi· 00110011 01110101101001 1100011·
10111001 7303.

1101 00011111 1010100 1010011101
Pisauri 0003.

0000001101 (0011. 10111 00100011)
01101111· 0037.

0000011101 00110011 Antii 0005.
muggam 0011. 1111110 1011111010 Ι

00011101 01 q. 001100. 1011.. 10011.
1011011. 3010110110 iiiiii. ·

00011111 0000100 00110011 001010111
1110100 0110111111 0100. 00 00110 .
100100000 01 010100 1111 100100
0101000 1100101000.

0001110110 1101110, 101011100001101
1101100 0130.

11100. 0010011101 01100111100001001110
Latinorum 1100110 3013.

11100. 00100. eunies. 0000101. 00001.
1101001 11011100 0553.

0011. 0100010110100 100111 mix
100. 0030.

cuii⁴¹⁰ ε1μο111. 0000011000 1111001110

1011103311 011100 3331.
101110 XX! 1011. 7300.
11101. ΧΧΙΙ iiii. 330.
1111111 xxxiii 110. 0130.
1111100010 3001010031.

0011. 1011111111 0000010110 101111
xxix 3500.

1111011111 0000010001101 iim 7130. ’

3110111 0030010100 1101011ιο 1100111011 01- “⁸¹⁰¹ fflfffflimmfl ⁰² 31813033·

00010 0 0001010000011, ui:

Fabricius 0001011101, 01111010 000-

10010 3013.
0010110101 0003.

111. 000110 73101 01. 111. 101110οΙ1

10111100 3031.

11001011 00110011 Bononiae 0137.
Lumo 0000.
snivi-iao iiiiii (1)
0001101100100 11011101 0011.
00110011 (10011011001001110. 0010.

(1011011001 011000100 1110101111 0003.
0010ἓὸ11. 0000100100100 11100000

0111110 7130.
001100111011110 0101001100 5335.

01110011 genii 0101100100 1101100100

1000110111 30101101 iiiiii.
00110011 10111 1101110011 1110101 0037.

Guiiuei. inseripti. 110110. vui. iii..

0011. 1011. 1110. 0055.
0011. 111011001111 1101101 3333.
10001100 10110000 3010110110 0050.

1100101 0010010υο dignissimi 00100110

0111010001110100110100 0010001310.

000101230110110011 centonariorum 13110100

0100 00100110 0110010000 01 0110010100

101100 01101 3110111, 0011111013.

C. 00110 iicet-iim 0115.
00100101011111 10000001000100 01010·

1400110100 00111101101110 0010111100

0010010000 1000010101101110 101111·
1001ὲῖ011 0111101100 0111001101

udizeoessiguum (1000010100) 30011110

 

