180 IX. 1188 molemus.

05505555551105515551551155511718.
0185115 omnibus 1555155 cremonae 8808.
Honore 551 Amorion 3715.

Urbini 3005. 3710.

1. 155. 3807 55.
sommo bonomia 8508 551.
Honorino (55. nummo) 15555515 7188.

555111555555555515555115550155556818.

8555515 555 honoro 055115 1551551

1555881458555511 1555555 3710.

Manem 1155555155 (honoratorum) Co·
5515555111 8685.

m

5. 055515155555151, 5155555151 1551
5155551555. i. 5.)

1151155 8380. 8708.
,11511151 3880.
coi. ,0555051151 508.
Anauni 5. 15555155 815.
1555111885. 3871.
Alexandrino 155551. 5870.
111155 7150.
Amiterni 3883.
Antioohiae 115. 8157. 7008.
15115511 0088.
,0585555155 705.
551. 1551. 8005.
Aquis 8551115 0088.
Arbae 5875.
1555 1087 55.
Arimini 3888. 3836. 5183. 0008.
0515555 8158,
Arnon 5005.
1555188188.
151551 3877.
115515 3887.
111555 3881·
15505555 6815.
,15555155 11551555. 3805.
1155555 7008.
1155555511 8330. 3800. 0007. 0011.
Bononiae 3806.
11515155 3875. 5050.
Coloniae 5860. 5865. 5888. 7050·
0555555515 8788.
mun. Fluvii 0555555515 3888.
855555 8383058388. 5157. 7001.
Garunnae 5330.
0511555 7003.
Aoi. 05115551555886.
1311551511 3818.
8111555155 3780.
05555 3808.
· Crotone 0010.
Cularone 8818. 0081. 0088.
fomis 185715.
Curious 6888.
015555 0818.

1105551551 0088.

1105517105.

8555511155 8888.

85151115 3310.

8155551155 886. ·

Foro 15115551 8810. 3080.

Foro Sempronii 0038.

0555555, 5. Viennae.

[1585155108.

551. 1151558555 300. 001.

[1515515551 3888.

11155555 55515 70801.

Hispali 3888.

11155505· 8170. 6155.

1155155511 8870.

11118808.

1155555 787, 6837.

1505511155 08.

151155 85151555 6838.

1555515551555 087, 1880.

1555155515511 8087.

mun. Latobicorum 5881.

Lunae 738.

1155555188. 170.

11515555 7081.

11551555 8180.

1155555118758.

1155511155- 0080.

1115155515 3811. 8108. 7316.

1115551 3018.

551. Morinorum 5811.

11555555 0088. 0080. 5838.

11555511 6158.

051553318. 3855. 0033.

Novioduni (551. 151. 1855551.) 308.
311. 317. 0088

0555515510. 7181.

5. 5. 0555515 106.

01551 5080.

in 5155 0555515 3870.

0515555 1308 55.

051155 8800. 3870. 0108. 0003.
7011. 7178.

551. Aurelio 0515515055 0511555

coi. 85515 151155 5800.

155511 7000.

85555155 8531. 3707. 0038.

5155555 anio.

10511 608. 803.

Pisauri 81. 0008.

Placentiae 3805.

Polou 3378. 8838. 7131.

Pompeio 8188. 8116. 8085. 8510.
3883. 3888. 3037. 3700. 3808.
3810. 3880. 3880. 0051. 0308.
5103. 6871. 0878. 6873. 7051.
7058. 7008. 7078. 70885.
7887. 11515. 1155. 1. d. 3877.
1155 0. v. 1. d. 7137. 11515

ἢ 1. 1. quinquiens 3885.

 

