’ vm. 1111611111.1ΤΑ1118. 111

66116 peregrinorum 3167. 3166.
66116 611136661616 111111111116116111-
1616 numentanorum 6671.
11611. 6111161661 (611131.) 3. .
11611111111111 6. 16.
11 116111111116 6765.
Numerus 111116611 6111161116611111 111-
1661611661616 6665.
Protectores 3656. 6661. 61616116 6736.
61.661111111161 3567.
61. 6. 6. 6736.
61. 611161 1111111 163. 1663.
6161. 61. 61. 3536.
6131111111 5113. 5116. 5161. 6163.

6163611111 1

1 11166661 6113. 3153. 5563. 5536. 5663.
1. {gazem 16611616 11636111161116116.’ 6111661661 3166. 6166. ,

. 61116611161 116161 11616161661161 3166.
1661111 1163. 6166. 3535166. 6536. 11111111161113113. 5563. 5663.
5536. 6766 (t). . decurio 1676. 3176. 3536.
16611111163. 1163. 173. 167. 3166. 66116 6763 (1). > .
3115. 653516. 3536. 3535. erutorum 1611613176. 3161. 3561.
1661111 1163. 6633. 5566. 6161611111613176.
16333. 666. 5166. 61116661 3536.
1661111 1163. 11116. 6. 1576. 3667. 6661111113176. 3161.
6561. 3536. 1616166113537.
16611111163. 6. n. 561. 5536. 5663. 1161111613176.
16. 1113. 666. 6661111333. 5663. 11166161111111 3116. 6176. .
16.1163.Ι161611111111116 1111111611 11361111 3667. 3176. 6161. 3561.
111 111111 u. 1. 6111. 16753163. 11111111161 6116. 5566.
16. 1163. (1.611111116116116616537. turmo 6611116. ’
16. 1611. tuo. 1156. 111111611611, 111111 6611 peretot: 11.
1163611111 1616. 6563. 6537, et:
16661163616 3666· ’ 1661111 661 161111163611111 1611111111.
1111111 66111 6111111611 5536.
16611 1116111161 6611111111113.1 163.

6. 111 116361111616. 6. 111 6111.

6. 3161111 1163611111 6713.

61611113. 61111661615113. 66561.
61116111, 1161611116133.

11. 16311111 3531.

66611161 11116166 61. 6663.

111161116767. 6771. ⁹ 2333?ssng ⁰⁷7¹·
Numerue Syrorum 1131111661616 6563. 611166111616533.
Numero 31111111661111 6111.

1111111116 6166. 6663. 6633. 611166111613166.

1111111116611 portuum, 1111116616- 61116611161 3661.

66311161 1136133116 3661.
11111116661116 6166166616 6611. 113. 6611.
1111111116611 16 Syrium 611 6111661 611·

1611616 61661111 6363.

111. 66111661 1. V. XX. XXI. 6153. 11166661 6156.

111. 16111111. Pon. 1611661136. 61111. 6636.

111. 61111661615353. ·

111. Decorum 3111611. 3575. 111666613575.

111. tem-Vl. 1111. 6631.

113. vl. 11111. 6. 1. 61556366.
113. 1. 3116. 6666.
113. ml. 61. 6666.

 

