Χ1. ems ΕΤ officere PRPVATA.

6116161117666.
11111116 61111661116 6366.
66166111 6166.
6111116111.111. 11166 6667.
6. 1166. 6161111661 Aug. 66116. 6666.
61611166616666. 6661.
6. Tr. 6611661616. 6366.
periuroque 1166111161 ⁶³2¹!-
Α 61611111 11611 6663.
61166661 6656.
6661616666 3111. 6666.
66. 6611616111 11661 11· 1163.
66. 6111166 1166. 1161.
6111661161 6666.
611111 6666. 6661. 6666.
6. 666611661111616666.
6. 1111666111 6666.
6166161611111 6666.
6. 61116161 1111111111, 1111161 66 616-
11661 Pleno! 6666.
6116116166661 11. 6661.
1111111161 6661. 7666. 7366.
61611166 6661.
1111111161 3766·
616111 16661611166 6663.
6. 6116661111 6111166111 6666.
6. 6166611666 16 11661111 1666.
6. 6661616166 1816.
6, redemptor 666611111166117667.
6. 116116611611111 6366.
Pleromati! 61611 of. 11111611.
1611616111 (rie) 6666.
6166661161 6667.
11611611 6116611111 1166161666 11
61166111 6666.
61116 1163.
6.1.61161111616611116 6166111 6111111
16611166.
coronetur 11111 611161 1611116 11116-
61161 1611111111 6161111161 6663.
6. 1116116111 1176.
6. 0116166111 1176.
6. 61161166611176.
6111111 6666.
6161611111 6161.
6. 61 66611 6 6116161116 6666.
6. 61 11111 16611611 1611 66111161

6166116661 6666.
61616111 6166611666 6636.
Pone 61 161616 6676.
1616166116 7666.
Poeeoeeor 6767.
Α 6111161 11111 ’1111661 Aoo. 766.
61611161116661. 6676. 6666.
66. puerorum 66116111 6. (66611)
6663. 6666.

6166616611 Aug· 1. 6667.
61. Aug. 61. 6663.

m

6161616161 666616.
61. ordiretur 1116116 11116 71116111
111, 6666.

61. 6666161661 1661 mesor 6666.
61. 611 1611 1616111 6367.
61. 6 1116661611 6666.
61. 6 6111116666.

61. 6116611616616177.
61. 1616111161 61661 6666116661666.

1166. 1111.

61.6611161166111661 6111166 66161166-
roro 6663.
61. 6 1661166116 6666.
61. 11116111.1661116111161
61111116 61661 1111166116· rog. Ι.
1116376. ’
66. 6611111· 6666.
6166616161 1661.
1611161116 61. 7676.
61116111111111611111111661111116616666.
6666. 6761. 6667. 6666. 6666.
6111. 6611166161.
1161661636.
6161111611 6616.
1111161 66111161 6661661 666·
6111. Aug. 1. 1666. 6611.
16616661 11611116 666.
6111. 16 1611661161 6666.
1661161116 611661166-
1166661.
6111611, tunore. 6616-
1616661.
6166666111 6666.
monerem 6666.
16 6161616 66111666
1611111 6161111661 6666.
6 1111616 eor. 6666.
Aug. 6. 1111116161166166166.
11166161. 'Auo 6. 6676.’
61111611116111 61 11116116 6666.
Professor 667.
6116116 6366.
61. 61. 6736 = 6666.
Proteum 6763.
Prorooene. 61111161116116111116 6666.
6667. 6666. 6173.
1111. 16611166, Aug. 116. 6676.
61111116 6636. ²
Puer 6666.
66111 1 166111 6111161 6636. 6666.
6. 1611616116 (16111116 6. 6366.
Pugnae 6611111111 6636.
1111616166 66611661 6666.
666111611111111 6676.
6111111111 6611.
6616611111 667616. 6176. 7671.
6. 61 1111 7111116671.
6611616636.

6116116.

 

