166 VIII. 666616166618.

6616. 1. (tritorum 616. 1616. ata.

666. 1. Gallorum 1166166 66586.

66611. 6611666666 6857.

11. 1161166. Macedonica 685. 5666. 66661. 685.

666. 111. 661166. 5618. 6522. 6857. 66661. 6522. 6857.

666. 1111. 661166. 2223. 5662111. 6657. 66661. 2226. 5662 (1). ·

666. 7. 661166. 5636.

7. 661166. aquit. 6651. 66661. 6651.

666. 711. Gaii. 6575. Ι 66661. 6575.

666. 666666666. 125. 66661. 125.

666. 1. Germanorum 6666. 6526. g maffia&

666. 1. firmiorum sagittariorum 5661. 66661. 5661.
666666 neruorum 6662. 66661. 6662.
666. 1. 1161661. 677. 678. 66666661166677.
666. 1. 1166666666. 6627. 1616. 6627.
666. 1. 111666666666 6687- 5667. 5666.( 66661. 5666.
5662. 5655. 66616616 6667.
1. 11166666. aquit. 866. 1616. 866.
l. 11166666. 616 6661665166.
1. natta 1116666. mtt. 66611616 6766. 16166766. ·
1. 716616 11166. α) ao. 1616. 6711.
1. 716616 Uipia 1116666611. 6. 11. 5666.
6616. 11. 11166. 5667. 5628. 56666666. 66661. 6666.
11. 11166. an. 6. 11. 6766. 1616.. 6766.
666. 7. 11166. 5618.
6661. 1161166 61616666 Rom. 6616616616- 1616. 6766.
rurn 67666 66666661666616661666666.
6661. ituraeorum 5656. 56565652. 5166. 1661666 5656.
666. 111. ttyraor. 6667. 66661. 6667.
666. 1. 6661611666 5628.
666. t. 6166616666) 6626. 66661. 6626.
666. 1. Lingonum Gordiana 675. 66661. 675.

666. 11. Lingonum 1767. 2861. 5655. 1116· 1:¹⁰7·
66661. 1661.

11. Lingon. annit- 6666. 66661. 6666.
666111. 1166666. 5662.
666. 1111. timon. 5686. 66661. 5686.
666. 1. Luoanrium 5628.
666. 11. Luranntum 6857.
666. 7. 16616666. 61 1161166666 56676 os.
661. V. 6611661666. 661.
666. Lusitanorum 266. 66661. 266.
666. 1. Luattaoor. 5667. 5666. 5666. 66661. 5666.

68576.
1. Aug. Luaitanor. 5666. 6516.
1. Luriirnor. 6666666166 6857.
111. Luritanorurn 66576.
666. Maur· 666. .. 526. 1616. 526.
666. m Maurorum 6661.
666. 1. Menapiorum 5655.
Gonni. 61οὲ8166666666888.5628.5666. 66661. 6886. 5686. 6711.
711. 576.
1 611 (6161 116616666. 5666.
666. 1. Morinorum 5662.
Coh- 1. Narrtorum 5668.
661611. Norrtorurn 5655.
666. 1161766616616666 mii. 5655.
666. 71. Nerviorum 5256. 5655.
666· 1. Noricorum 5628. 5666.

 

