,111. 111 1111111 1111111111. 11

5111111501. 3105. 15511. 57-10
111111111111113713. 13-11 5115.
111111111111111111113751. 13-51 ’
11111111111111111111111111 palm 353 5117.

555, vol 111111 1111111111 5533.
111111 111111 Paelignorum 1111- 01111111. quos 111111 111111 1111111111
111111111 3103. 1111111
1111111111 11111111 7155. 1151.
111111111 11 1111111111 1111111111 117. 511111511111115.1.(111111533.
1511· 5. 1111111111 511111 51151111 550.
1111111 11111 1111111111 5173. 158. 511111 5111111111. 1. 1111111533.
151111111111111111111111111’155111- 131. Ι.. 511111111111 11115111 553. 553.
511 5111. 511. (511111. 1111733. 531. 535. 533. 510. 515. Q. 515111 Q.
3115. 1. 51111111 511.
111111111111111115151111115111. 533 111. 51. (11111111 5111111111 5317.
511. 11111. 1111. 311535005. 555. 51. 511111151. 1. 511. 1. 553.
1111111111 111111111111111111115 557. 51. 5111111151. 1. 51111111 5315
111. 5111. 111111111511. 3355. 573. 555. 5. 51111111 L. 1. 5111111513..
111111111ὦ11111111111111511.1111- 505. 5. 1111111111 5.1. S. 1. 5151111
115 3. 33.
15 111. cm· 1.. 51111111511111 535. 5. 51111111 5. 1. 553.
1111111111 511. 5317. 033. Ρ. 3111111111. 1. 5111115305.
31111111 1111111 535. 5111 1. 1111. 537. 5. 1111111111 1.. 1. clu· 5553.
1111111111,Ρ1111111 513. 033. 5511111151. 1. 111. 5351.
557. 5. 1111111111 Q. l.
. .. Q. 51111111 Q. l. 5131.
³· ³⁰⁹⁸⁰r⁰⁸m¹m⁰s⁰⁹¹⁴⁶9¹⁴⁶⁸⁸⁶⁰ “mm 5. 1111111111 Q. 11511111115150.
”⁸⁰¹⁰m'· 511. 511. 5111111111,

1111111111111101111101111111111111· 51. 51111111 3157.

11111 3133. 515. Q. 511111111 51. l. 5111111515.
511311111111 1111111111111113573. 619. Ρ. Rutulus
0111511511111511115151111111111111 en. 11111111 31107.

555. 51. 51111111,

1. 5111511151 115111111111511111. Μ). ἓ ggzfflff affligam,

ww 5³5. 533. 511· ⁶⁵⁰· ⁶⁶⁷· 1. 1111111 cn. 1. 1111111111
’ 1. 11311· 111. (137513111111111.11111111)
l). 111111553. 5 ,

1511111111111111111 llll. llll. ρ, mmmm,

1). 1111111111 5151111111 111111 ῃ, pum... 1115,

5130. 553. 5. 51111111.
11. 1111111111 111111 0135. 301, 1⁰11... ³⁸⁷³.

11. 1111111 1111111 1111115135. em (0111111111 Q. l. 511111)
511111111 1111111 510. 511. 5133. 5155. 1„ Comum. 1„ 1, gun, loll.
(Trlbunul 1111111111 llll. Pr. 1. 51111.) m· 85⁰. 051, 052, ⁶5³. 354, m· ρ,
comulas.- lnslgnlu 1111111111 01151. 5111111511. 5553.

1111111111111111 571. 5. 1111111111 51111,

1. U. 1. 331-301 5133. 11.51111111151111111111.·
350-550 5131. 575. 0.1.111110.1.0.1.111111111
351-301 5135. :alez
170-171 0130. 550. 5. 511111115. 1. 51111111515.
535-533 5135. 551.15.1.1111111,

007-513 0117. 11.51111111153.’

713-715 5135. 51. 7111111113111151111111 570.
733-713 0135. 553. l.. 11111111,

713 0110. (11.511111113573.

713-750 0111. 053. Ρ. 51111111151111111.

1551. 1. 3- 15 0113. 51515111101111115113.
10- 13 5111. 157. G. 5111,

13- 31 5113. Μ’.51111115355.

 

