59

1. 1111111415.

1. 111111959. 9555.

1. 0. 51. 1111115551.

1. 111111111919. 1959. 5555.

1. 0. 11. 111, 1955·

1. 1111115131.

1. 11111111 consumuntque 1955.

1. 1111111111 1959. 5135. 5159.

1. 0111111115. .
5011111111 (1111111111 Aug.) 5455.

1. 1111111111 1951.

1. 111111111 11119111111115159.

1.0.11.1111111111 11111111 5115
= 11551 11. 1955.

1. 0. 1111111 11111111111115515.

1. 0. 11. 111111111951.

1. 111111111 5551.

1· P 0815115355 23⁰· ω· 2³⁶. ¹⁴8· ηπ.
5595. 5559.

1. 0.11. 91111111 951. 935. 954. 941.

l. 1111111511111115515.

1. 111111111955· 11).

1. 11111111111 491551.

.1. 0.11.111111111955.

1. redux 1955.

1. 0. 11. 11111111111955.

Ι. 111 195111.

1. 51111111 1959.

1. 0.11. 111111111111. 1911.

1. 0. 11. 511111111111111111111951.
ἶ. 0. 11. 511111111111111 5515.
1

. 1111111 1919. ¹28¹: 115111.

. 0.11. 11111111 111111111111591.

1. 51111155. 1915· 9155.

1. 0. 11. 9111111915. 5555.

1. 5111111111 5111.

151111111955.

1. 51111111111111 191111.

1.0.11. 111111111111111111111111951.

1. 0. 11. 11111111 1111111111111111
19151915.

1. 0.11. 11111111 111111111111111111
1111111111 humanarumque 111111
111111 1111111111 1111111 1955.

1. 0. 11. 11111119155.

1. 0. 11. 511111111955. 1955.

1. 0. 11- 1111111111111111111111 11-
11111911.

1. 11111111115555.

5111111 1. 111111115141.

1 111111 1111. 11111. 11. 5111. 9159*

1. 91111111115551.

1. 1111111 191311.

1111115151.

1. 11111111 1915.

Ι. 1111115159.

1. 111111 1111111 1915·

1511111111111(1.9111111111115551.

1. 0. 11. 11111 1915·

111. Du. nm. MYTHOLOGICA VAluA.

1. 911111 5559.

11111 1111115515.

11111 111111, 1. 511111111111.

111111119915. 5559. 55911 1. 11111-
1111.

1. 5111111111 5195.

11111111 911. 91. 11. 111. 9155.

51111115555.

51111119511.

1111111. 1. 11111

1.11.119111

L. 1115595.

11111111, 1. 11111111.

11111 1111. 11111. 1111111511. 1591.
155515591155 1555. 1551. 1151.
1155. 1555. 9911. 9911. 9551. 9111.
9411. 9519. 95551115.

1.. 11 11111111 1151. .

L. 11111111 15591 11. 9411. 9419.

11111.. 5111111111 1111511111 1515.

1111 1.. 511111111111111111111151.

1..9111111111111111111 111511.

L. 11111111, 511111111515.

1.. 1111111159. 1559. 9155. 9594.
9595. 5991. 5555. 5959 11191119.
1551. 1591. 1119.

L. 11111111 51111.

L. comptulos 1111 11111111 1555.

1.. 1111111111 1511.

1.. 111111111115115.

1.. 1111111111 1155. 5151.

1.. 11111111551.

1.. 111111115591 1. 9111111.

1. 1111113111119111. 1111. 11. 111. 11,

L. 11111111 1115. 1119. 5115.
1.. 1. 111111111555.

1.. 111111115. 1

L. 11111115551.

1.. 1111111111111511.

L. 111111 15191119. 1595.
1.. 111111 1515.

L. 11111111111515.

511111 1111111951. 9915. 9911.
111115555.

11111111 111. 9119.

11111155. 1514.

1111111111111 1111111415· (111111).

111111 5111111 159511.

1111111111 9191.

L. 11115591.
L. 51111, 1. 11111.

1111114599.

11111111. 1. 11111.

11111 111. 11, 551. L. 1111. 11. 1511111.
1455. 1119. 1559. 1911. 5915. 5955
5155. 5151. 59591.

11111 Ι.. 9555. 9559. 9515. 9551.
11511 1559.
5511111111111111111111455.
111111..11111111915911

 

