61 7. IMPERATORES ET IMPERATORVM FAMILIA.

1166. 7. 7116116661 616111. 16616
661 (Ι. 79) 667 = 5026.

T. 616111 7-6-161111661- 666111. 11. 611.
11. 1616. 111. 161. 11 (1. 79) 716.

Τ. 6161111116. 1. Vespasianus 11116.
6661. 1116. 661. 71. 161. 1161. 71.
666161 (1. 76) 751.

1616. 71161616111-7616611166166-61.
1611. 1116. 661. 71111. 1166. 71111.
661. 711. 6111661161 7111. 166161
(1.791759.

1616. 71161 611111 9111 1. 71161111-
1161 161.666111.1111.1116. 661. 17.
1166. 77. 6661. 6661. 711. 611166.
7111 (1. 79) 59.

666111. 1611. 1116. 661. 661. 7111 (1.
60) 9969. — ,-
6661. 1611. 1116. 661.-ΨΜ. 11116. xv.
6. 6. 116161 161. 7111 -(6. 69) 5196
6661. 1611. 1116. 661. 7. 1166. 77.
eosfvl‘nsseeusor 6. 6.(1. 60) Q
6661. 6111. 1116. 661. 7. 1616.-7711.
611116111111 116161661. 7111 (1.
61) 56. 759.

11111111 1101.

6161161 1611661661 11616611 759.
11166116 71116116 7111 61611111 161.
111116 166. 7111 6111769. 9969.

. 9616116611 661161· 1661111611
9616611661 616111 9006. 9676.
1166. 616111 16696611111661 6. 6.
1616.961111116666161161161591.

767. 9916.
1616611111 9111 Vespasiani 1. 9.
166. 6116161661765.·
1616. 9. Aug. Germ. 9606. 6795.
1166. 9. Aug. 590. 6657.
9. Aug· 9997. 6065.
96611661 9. 166. 766. 776.

1616. 9. 6956.
9. 161.... 11111161 conlegiorum

61661661, 61116161 1616616111761.
611111161.1.96161016616666111611.
61161661 1611616111 (1. 79) 719.
611161 91117616111161 1. 9661011661
161. 711. 6. (1) 61161161 1611616111

(1. 66) 6919.

61611191111. 9. 161. 711 11. 60) 9969.

1166. 616111 9111 7116111161 1. 96111-
111661166611. 6661. 1611. trib-..ffi-
116611. 661. ΠΗ. desig· 71111.
6. 6. (1. 69) 9116.

1616. 61611191117116111161 1.9. Aug.
6116161161-666-1.6111.-1116. 661.
Ῐιῖῐ. 1166. 71111. 661. 71. 61616111
66111111. 6. 6. (16515160.

6661. 1611. 1116. 661. 7. 1-166. 711.

616161 611661661 161. 711. 6. 6.
(1. 66) 5199.

9. 6.-1166. - - 66111. 611.-1116. 661.
7111 (1) 1166. m 161. 77116111
661611661 (1. 96) 766. ..-

lmp. -fflh 611.-1116. 661. xm.
1166. 7711. 661. 771. 116161611-
6116111 6. 6. (1. 9911) 766.

17111111 6065,

91111116 9616116111775. 9611. 5161.

96161111 6111 9616111161 61111111 771.
9. 161. 9905. 9991. 9916. 6065. 6659.
91666111 66. 96611111 6616616611
1711661111777551065.

811616 16616161116611116, 161111 1166.

Nervae 61111111 1666111777.

1166. Nerva 6111161 1661111611

M. 6616116161. 1. 1711115165.
1166. 176111611111166. 5196.
91111176111769. 996. 1101. 9666.
5119. 70191 1. imperatores 66116·
116161 usquo 11 6111111116.
91161 161. Nem 5970. ,-

1616. 611111 1711111166. 6. 6. 161. 11
(1. 961 5961.

1616. 176111 6161111166. 111. 16111.
9η 779. 2⁴⁰⁰· -

pont. 1611. 1116. 661. 6. ps 161. 111
(1. 97) 776. 5197.

1616. 171111 611111161611616-11611-
Qu 6661. max. 1116. 661. 11. 161.
111. desig.n 1111. (1.-97) 5166.

1116. 611. 11. 161611. 661. 1111 (1.
96) 19.

1116.) 661. 11Ἶ. 661. 1“1”11.’6. p· (1. 99)

61611111 16 1616. 1711116111111166.
111111611 5196.
17611111 1101.

11116. 6661111 171116 7111161161 1116111611

1616. 616111 Nem 71111661 161. 611-
6161161761. 801. 5699. 6661.
1616. 616111 N 6111 71111661 161. 661-
16161661 9111161 799. 161ε5161.

1595. 9969. 3570. 1915. 5906.
5999. 5116. 5119.

1616. 71111661 616111 Aug. 66116.
91611616911. 0666.

1166. 61611117611171111661 66111661
Aug. 66116. 916. 769. 600. 1591

1166. 611111 176111711111161661161.
661. 916. 9111. 7070.

1616.611111716171111661161.5179.

1616. 71111661 161. 61161611616019.

1166. 71111661 66111161 Aug· 611916.
91116. 6769.

 

