ree ’ 666. rurs 66666666.

66616616 6161.
166666166166 6861.
6666166 1611661116.
6661166166 116.
66616616 6865.
661. 111 616. 6616 (1). 6665. 6666. 3 16666166 6616 (1).
6166666166 6866.

661. 1111616. 666666. 66616616 666666.

661. 11 616. 6161. 6661.

d. 66166166 6661116666.

661616) 1651. 666166161651.
661. 1116166.
661. 1111 1656.
66161. 1161666. 5661. 5666. 5666. 68516.
661. 1 61 11116) 1161666. 5666.
661. 111161666. 5661.
661. 1111161666. 6166. 1666616 equitum 6166.
1111161666. 66611166166666 6661-
1616 6161.
661. 111. 111. .. 5666. 66661. 5666.
661. 1. 16666666 6166. 66661. 6166.
661. 1. 166116666666 1651. 5656. 66661. 1651.
661. 111. 611111166116666666 5616.
661. 1. 16611666666611116616666 5616.
661. 1. 1666116666. 66166666 116.
661. 16166666 6666. 66616616 6666.
661. 1. Asturum 6516. 16116666 6516.
661. 1116166666 666. 6661. 6166. 5655. 66661. 666. 6661. 6168.
661. 111. 16166. eq. 611. 6611· 66661. 66111
66. 6. uturum 666. 666. {suffr-effi
661. .. 16166661 66111616 6616. ''fflffifflflf' Ἡ·
661. 1. 16166616 61661166666661 5661.
1161ὥέ1. 16166666 61661166666666 5668.
661. 166. 1. 666.· 66661. 666.·
661. 1. 6661616666 5666. 66661. 5666. 5616.
1666166166616) 5666. 5655. 5616.
661. 1. Bonorum 1155. 6666. 5655. 66661. 1155. 6666.
661. 1. Belo. 6156. 666666611666156.
661. 11. 116616 Beerorom 6851.
661. 11. Burungum 6155. 66661. 6155.
661. 1. Br. 1. 6616.
661. 11. 6666666666116666666 1616 66.
661.111.1166.5ἔέ666666166666666655.5666. 66661. 6655. 6565.

661.1.1166666666.561136656. 66661. 561156856.
661. 1. Breucorum 1666616111. 66661. 166.
6666666666 equor. 6. 11. 6651. 66661. 6651.
661. 11. Breucorum 6516. 6166. 66661. 6166.
661. 111. 11666666. 6661. 66661. 6661.
661. 1. 11666666. 5666. 6161. 66661. 6161.
661. 11. Breucor· 6666. 66661. 6166.

6616111. Breucorum 5666.
111. 11666666. elerum 1166166. 66661. 6166.
66611616 6166.

 

