vm. RES mmm.

118 1181188888 81881888 8857.
818 88188888 (1) 881188. 8888.
818 1. (1188818 881188. 8857.

81811. 881188. 8818881888 51888 8. olam

8858888888.

88881. 8888.

818 881188. 81 888888188. 8818188818- 88881. 888.

rum 888.
818 (1888881888 8858.

88881. 8858.

818 Aug. 88881888 ob 8181881888 88881- 88881. 878.

1818 878

18 unm. 188. 888. 8188. smmum. 8888. 8888. 88838888.

8181. Hispanorum 8588.

8181. 1118888188888 8. 8. 5855.

8888888888 8588.

8181. 8188888888 8888888888 88588. os. 818 8888888888.

818 111888888181188888 8. 8. 5888.

88881. 8888·

8181811888 188. 188. 8587. 8888. 8788. mmm m·
8181. Aug. Immotum 88811188. 5888. 88881. 5888.

818 8188888888 1888.
118 11888188 8888.

818 81888188 18118 18888818 8788.

818 8881888888 8888.
818 1..1188818. 8888.

818 Pannoniorum 8788. 8888.

8181. 881888. 3881. 8888.

1. 1188888. 88881888 5818.

81811. 888888. 885. 8888.
818 88815. 8887.
818 881881 8788.
818 88181888 5855.

81888181888 8811. 518 18888818 518.

818 Phrygum 8788.
818 8188811888 5818.
818 8188811188 8788.
818 888818818 5888.
818 1. 888818818 8718.
1. 88881. 8. 8- 5888.

818 1. 08888888888881 11881 8888888-

rum 1) 5855.
818 8888818 5888.
818 8888818888 5818. 8718.
818 Ι. §tubulorum 518.

81888818 1818.
88881. 8888.
88881. 8788.

88881. 8888.
decutio 8788.
8188118. 8788.
88881. 8881.
8888888188 8888.
88881. 5818.
88881. 885.
88881. 8887.

88881. 518.
88881. 8788.

88881. 8718.
88881. 5888.

88881. 518.

818 8811881888 1888. 8785. 8. 81888 881- 88881. 1888. 8785.

188. 88588.
118 8111888 51811.
811188818888818 8. 8. 8858.
8181. 8188. 8. 8. 8851.

1. 8188. 8.1. 8. 8. 1788. 8718.

1. [11818 singultuum 8711.
818 11. 818818 8188. 8518-
818 88181818 (1) 8888.
818 88181818 8. 8. 8888.
1188 88888888 8787.

88881. 8858.

88881. 8851.

88881. 1788.

88881. 8711.

88111888 8518.

1188188188 8888.

88881. 8888.

88881. 8888888888 8188888 8787.

818 Tam.. 5858ς cl. 8188188888. 18888.
818 ’1888188888 818. 8. n. 8558.
818 118888. 1188818888. 8788. 8888. 88881. 8788· 8888.
8181. 711888. 5888.
1. 78888888 1188881888 5888-

 

