V. IMPERATORES ET IMPERATORVM FAMILIA. 88

0. n. 01111. 11111111 111. 5519.

01111. 111. 1185.

0. 1. 01111. 1111111111, 111111111111
1111111111. 1011.

01111. 1111. 1010.

0. n. 01111. 1111. 111, 5518.

0111101111. Aug. 1001.

011111111111111111 11111111 01111.
11111 principum 1111111111111001.

0. 01111. 1101. 1111. 1181.

nunnus 11 11111111 11111111 1. 1.’

1111. 0111. 11. 111. 01111. 1111
11111 1111111111111111111. Snnnn.
11111. Germ. 1111. 011. mu. 1111.
111. Χ. 111. 1111. 11111. 11111. 1. ρ.
111111. (1. 31515518.

1111. 0111. 01111. 1111111111 P. 1.
11111111 111. 1111. mn. 011. 1111.
111. 811111. 11111111111111. 0111.
mox. Arno. 1111. 1111. 11111. nomen.

111.-0111111111] 11111111.

1111. 1111. 111. 1111. 1.1. 111111
(n. 8101) 5510.

111. 1111. 0111. fl. 011111. P. 1.
111111 111. nont. 1111. 1111. 111.

1111111111. 1111. 111. 111. 1. 1.
111111, contemtor homonum
111111, 11110111111111 01111 (1. 1118)
111111111101. - 11111111 11115510.
Fauna Constantini M·

1111111111 1111111111111 1. 1. 111111
11111111 1. 11. 1111111111 11111111
111. 01111. 111. 5581.

0111111111 111110111111111111 11.

11111111 11 111111 11111111 111111.
1111111111111111 1. 11. 0111111111
111. 11111111 11. nn. 1111111111·
1111 0111. 1. 11111111 0111111111

11. 1111111 01111111 consor:

0. 1. 11. 111111 0111111111111111111
11 11111111111111 01111155111.

11. 11111111 0111111 noo. cnon, 111111
0111111111 11111111 noque 1111111
1111111 ,111. 11 11111 1111 011-
1111111 1011.

0. 1. 11111101. 111. 0111. 1001.

11111111 01. 0111115511.

0. 1. 0111111 nob· 0111. 10111. 5505.

01111 Ι1111111 11111101. 111. 0111.
1. 1101ῗῖ nomon 111. 111. 1111.
1111. 0111. 11. 11111111 011111111111111.

F'Affi 011111111111 111. 0111. 5055.
11. 01. 0111110111. 1113.

0. 1. 11. 0111111101111.111111111111
111 (111) 111111111111011111 13.
0111. 01. 01111. 11111, 111. 111111-

1111111111. natos, 0111. 111. 1111-
1111111 111111 11111111111001.
01. 01111. 111. 0111. 1081.
1101111111. 0111. 3110.
0. n. 11. 01111. 1111111111111111111
011111 1011.
0. n. 01111. nob. 0111. 5505.
01111. 111. 0111. 5511.
11. 01111. 5580.

1111. 0111. 11. 111. 011111. 1. 1. 111.
0111111111111111111. 0111 Gon·
1111011111. 1³¹1 111. 1085.

1111. 0111. 11. 01111. 1111. 111. 1111111-
111111 01110111111111111111. 1., 1111
1111 11111101 1111 1111111111111-
11111 11111111111 1011.

1111. 01111. 1111111111 0111111111 Aoo.

11. 011111115580.
0. 11. Constans 111. 1089. 8181.
1111οὲ 11 1111110111 1111111111.

Imp. 0111. Fl. 111111011111111111 11.
«111.
11. 111. 01111111111 1110111. 5055.

11. 111. 01111. 5580.

11. 01111. 111. 0111. 8110.

01. 01111. 111. 0111. 1018.

0. n. 01111. 1111111111111111111 011·
1111011.

1111. 0111. 11. 111. 011111111111.
1. 11111111111.,0111 0111111011
111111. 111111. 1. 1. 1. n. 115.
111.·1. 1. 011111111111111.11111111-

111111111 1111111111, nonno 11.
11111111 1111111111 11 11. 0111-
1111111 01111111 11 0111 0111111
11111115158.

1111111111 11111 11111111111111111-
11111 1. 1111. 111. 011111. 111.
1111111111. 1103.

1111111111111111 Roman 1111111111
11 11011111 111111111111111111111.
1. 11. 111. 01111. 11111111111111111·
111 11111111 111. 1101.

1111111 111111111111 omnes 11111 11111-
11111 111111111111 1. 1. 11. 111.
01111. 111. 1008.

01111111 11111 111111111111111111111
1111111111 1. 1. 01111.1111.111111
111. 1101.

11111111111111111111111111111 1111.
0111111111 1111. 11111111111111
111. 5581.

eonon. Aug. 38. 10811. 3181. 0588·

const. 1111111111 monol 88.

1111011101.

constantino 0111111011 Ι. 11111011.

 

