i. NOMINA.

1161616616 6166 1666 26611661 2706 166.
2161666161 omnibue 11111111 1611611 27061166.
211166161611611611616 2706. 2706. 2710.

2116666061 666 66161 1111 2726.

1. 2161666166161161661161611
2711 1166.

Annine 56. 2711. 27121 661. 1, 6173.
Aninio. 0161.

21111661 5660.

Epidius 6216,

2161161 661. 1, 6. 176.
1111161 116.

1116161661. 1, 6. 171.
11111161 6211.
1116161566. 6215.
1161161 2167.
1166111161661. 1, 6. 171.
016161 116.

0611161 661. i. 6. 176.
0161 1616. 2667. 26666 661. 1, 6176.
01161 6216.

Pennino 1. 216161 6216.

2161161661. 1, 6. 171.

Percennius 62166.

21116161, 2111161 6220.
261166616111.02216665166156171.
2116161661. 1, 6. 171.

21616161 6222. 7666.

26661, 266161 (1) 2716. 2716. 62221.
6111161 2721. 6221. 0561.

, ’ 6111161 2721. 1166. 5606. 6226. 6226.

7006. 70621 661. 1, 6. 170.
’2111161 2726.
’2110161 6260.
Dc 666116 6616161 cf. 6226.
cognomen 1116261.

Nomine, 6661 11611616 praenominibus
1611111611

1161161661. i. 6176.
2166111111 6216.

11611161 62261 661. i, 6. 176.
61111661 661.1,1. i.

61666661 116.
senonensem, 6. 176.
6111161 11111616 61161111 116.
2161612725. 2726. 2727; 166.
vicennii, 6. 116.

6111111. 16111166. 51116. voi. iii.

2. 2161666111611111161611, 1161166116-
nn'nn 161611 1666 6611111 2760.

iun· 1611.
ιῗιιὸξέ11. 6111. nnio. 11161 eoi. i, .

111111 661. 1. 6. 176.

⁴ 7611161111 0262.

Novio 6217.

6661111661. i, 6. 176.
216111 551. 1501. ci. 7666.
211161 6261.

Publio 2761. 2711. 661. i, 6. 176.
061111 6267.

Quinte? 2712.

661111 6266.

Sergio 6211.

’211111 6265. 6266.

Vibio 6266.

11611 616 praenominibus 1111661111
1611111611

16611 661. i, 6. 177.

Aule 166.

01110266ς116.

6611661. i, 1. i.

Decime 116.

1111661. i, 6. 166.

2611111 6237 (soriam 1661161116 6161
scrinium).

0616161 2766. 27616 661. i, 6. 176.

61111 2765. 2767 ς 661. 1, 6160.

7161111661. 1, 1. 1.

Tiie 116.

6. Nomina neniiiicin: 1616111 161616
1111116217.

nomine 6661111111 611616666611 11-
6111116215.

161616. gentilicium mciii 11616111
2751. 2752,

6. g. 6111111 11111616 1116161661 2750.
111 6616161161 liberionnn 6. 11111161.
6661111111 611661 1661611666. 1,

6166162111.

1116611111 166. 107.

 

