111. DII. DEAE. MYTHOLOGICA VARIA. 33

1. 81010101 8115.
1011011111... 1. 10101111.

1. 111111 1307. 1183.·, 1181. 1180.
1581. 1883. 8338. 8358. 8388. 8851.
300010. 3080. 5088. 5711. 5715.

0188.
1. 01111101. 8158.

L. 111111 1111111101 11111 1101111111 01·

101 5710.
1.. 111111 0111110111388.

0101 11111111 000110 0101 mugnus
111111 111111 11 10111111 11 110111·

1111111111111 11110101 1180.
1111111 1880. 5881. 5050.
11111111 1817 111.

1. Aug. 1810.
1. 11001111 111001110111180.
10001111 L.. 1. 1011111111.

1111111111 1378. 3318 (1). 10111101 5033.

11111 August! 011 0111 1. 11111.
1111 5387.

11101 8108.

101101, 1. 1000.

1011011.1. 1011111.

10011111. 81111110. 10. Aug. 381. 010.
1870. 1880. 1887. 1888. 5808.

5850. 0801.

011 1. 1880.

l.- 1111101 10851880.

1. Ausum 1888.
1111111110 5807.
101011101 11) 8088. 8083.
10101101 8081.
111101 7110.

1101111110. 1038. 5708. 5733, 1.

Nymphae.
1.. 0111111 1100111 1030.
0111011001, 1111011001 1. 01110111.
11101101111.1. 1111111011.

1111111. 11001. 111. 11111. 5007. 7137.

011 1111115080.
1111111110111011 1810.
11111111 1111111 5713. ’
1111111, 1111. 11111111 1. 1111111.
1111111111, 0111 - 8888.
1110101101 111. 11, 11. 380.

111011, 111111 - 17881 1. 1111010111

011111.
111011 0118085.
1111110111. 0101 -, 5388.
1111111 1853 sp.
11111011 8871.
11110011 5051.

11111 Κ. Pr. Vn. 01. 111100. 11. 11117.
111. 100. 3. 111. 188. 857. 1581.
53055053. 88138705. 1870.
1351. 1355. 1585111. 1738101708.
1800. 1081. 8100. 8870. 8871. 8705.
8711. 8850. 3118. 3787. 1870.
500735001. 5018. 1111111 1111111 11.

011. 111. 11, 11. 381.
coum. 1111111111. 11111. 711. 111.

010111. 8387.
11. 11011111 5807.
11. 1011101 11 110110111011811. ·

010111. 1101111111 11011101 1) 5008. ’

11110101101871. 310. 1318. 1313.
8188. 8171.

11. Aug. 1001111111111101111 1011311.

11. 1011111101 508·

0101 11. 8000110101, 011110111001
1800. 5870.

010111. 81111111 1857.

11. 1111111101 1350.

’ 11. 1110011111 1350. 3100.

11. 01010101 1877.
11. (1110111 1880.
1113851ἑ1010011 (11111111 1111011011)

0101 11. 001Ιο111 5888.
11. 1101111011 3187.
010111. 80111011 1881.
1111011 101111 1001111011 131510.
11111 101111 5180.
11. 0101101 1850 = 5008.
11. 01101001 1350.
11. 1111001001. 7181.
11. 11101101 5070.
11. 111110111ου1 8008.
11. 10111101 1111. Venus· [0111115071.
0101 11111101 11. 0013
11. Aug. 11111018018.
11. 1111111001 58851 1. 1111111001.
11. 1101111011350. 5888.
11. 1001111015888. 5888.
11. 0111111111 1350. 5578.
11. 1111 0010011001 1310.
11. 0111111 1353.
11. 1111111011111111 1317.
11. 01111 01111801.
1111101111 135010.
11. 8110011 1350.
1181111101 1350. 8000.
11. 1111111350. 5073.
M. 0111101130.
111111101111 1818111.
1111111101 (up.) 8850 011.
1111011101 01010101 1878111.
1111111101 111111 1101111011 131810.
111011 1111111111 5071.
010101 1111111, 1. 010101.

1111111 5801.
111111 01001 711. 835 up. 888. 1803.

1805. 1000. 8310. 8387110083.
8388. 8351. 8858. 8371. 8380.
8103. 8505. 55001. 5838. 5803.
0031. 0181, 0000.

011 ungu! 11. 01010 1111111 8358.

01111100111111111 01001 888.

11. 011 (1011. 010010111018803.

01001 11. 10111 1881.

11. 01010 0110111111 5808.

11. 01001 1111010100ιο 101010 0037.

 

