69 9. INfl’ERATORES ET IMPERATORVM FAMILIA.

111111 9111111111 55. 56. 716. 1101. Ρ.91111111911111111111111111111793.
9399. 9961. 3599. 3651. 6911. 7191. Antonia 1111. (11. 1111116111 6111 (11111111

ΤΙ. Claudius 111111 1. (111111161111.
1111, 1111. 1111). 111. sl. 1111111111.
111. 1111. 111. 1. p· Q 79551-9) 706.

1111. 1111. 11111. 1ο1,111.1111.111.1.1.
111. 111.(1) (1. 7963 13)-5911.

11111111. 11111. 1111111111. 111. 1111.
Π111ΜΞΜΨ1

1111111111111111111. 111. 111, 1111.
V. 11111 1111111 (1. 7997519111

1111. 1111. 11. 111. Ιῖ11 (1. 79711 =
1115) 3766.

1111. 1111. 111.-111. 9. 1111. 11. 1. p.

wmwmumm=fflwae

1111. 1111. 11. 111. 91. 111. 111. 1111.
1111. 11. 1.1. (1. 799 = 16) 708.
1111. 111.-11111. pt& 91. 111. 111.
011111. 1111. 1111. 111. 1. 1. (1. 799

316) 5098.

1111. 1111. 11111. 111. 91. eos. 191111.

11. 1. 1.111111(1.900.-.17) 619.

’ 1111. 1111. 11. 111. 911. 111. 1111.
1111. 11. 1. 1. 111111 6111111111
(1. 600 517) 5191.

11111. 1111. 11. 111. 911. 11111. 111. 1.
1. cos. 1111 (1.110-03171-3-31.

1111. 1111. 11. 111. 911. 111. 1111. 1111.
19. 1. 1. 111111 (1. 600517) 709.

111111 799. 793. 6005.

11111. 1111. 11. 111. 9111. 1111. 191.
1111. 1111. 1111111. 1. 1116093119)
711. 719.

11111. 1111. 11. 111.91111.1111.191.
111. 1111111111. 1.1. (1. 802:
19) 710.

pont. 11111. 11. 111.91111.11111.191,
111. 1111. 111. 1111111. 1. 1. (1. 603
550) 713.

1111. 1111. 11. 111. 111111. 91111.
111111 91)· (1. 601551) 715.

11111. mn. 11. 1111. 111. 1111911111.
11911. 1. 1. (1. 8051635916) 51.

pont. 1111. 11. 1111. 111. 1111111911,
1. 1. 1111111111. 9. (1. 805165
5916) 9659.

0111161116111 (1111111111. Germa·
11101 11111. 111. 1111 (1. 607 351)

19111111 11111. 111111. 11111. 11. Aug.
6115. 1101. - 11111111111111111-
11111 111. 9967. -611111111111111
parensque 111111111 7119.

111111111111111. ΤΙ. 61111111 19111111
9111111111 111111 716.

111111111111111111111111111 11111111 1111111
(1191111111 9111111611) 793.

91111111 679.
11. 11111 11111611 1. 660.
Valeria 1111111111. 6111111· 6111111.
11. August! 5101.
111. Aug. 5109.
9111111 Augusta 106511.
Μ. ΤΙ. claudun Caesam 6339.

Τί. Claudius Britannicus (1111111 11111111

Aug. 11 11111111111) 791. 9997.

Octavia Caesaris 11111111 (1. 1. (3111111)

1. 11 1111116111.

0. (111111111111111 111. 191111111111)
651. 1199.

0. C. 1. 61115390. 5391.

1111111111 Τι’. claudia· 01111111 ,11111111

11111 6111111111 6111 1111111111 ΤΙ.
6111611 (11111111 111. 1111. 1111.

1111111111. 111111111 11111111111911·
111111. ’11. Claudi! 011111111111111
111111 1111111 650.

11111 11111111 111111111110111111111111
1111111111 11. (11111111 (1111111111.
(1111111111 5367.

1111111111 11111117119.(1111111 1111
1111111111) 5191

Nero 6111111111 caesar ,1111111111

Τ). (1111011111. 91111111 9111111111·
11111 9111111111 1.1.1. 191111111-
1115105.

Nero (1111111111 11111111 (1111111111
Caesar 7119.

11111011111111 011111 Ger. 111. 111111.
11111111111111. (1. 51). 11111111
ex 11111111 deser. 791·

19111 Claudius 1111. 1. (111111011111
Germanicus 111111. augur. 19111.
1. 1. 911111. epulan. 111. 11111111
1111111111 650.

Nero 91111111 0111111111. 107. 3566.

19111 Caesar 1111. Germanicus 1619.

Nero Augustus 6311.

Nero 1111. 517.

Nero 111. 11111. Aug. 1111. 1111. 760]

19111 Claudius 011161111111111. 61.
Germ. Caes. (11111111. Caua.
11111. pron. 0111 111. 1111. Caes.
1111. Ger. 1111. 1111.11.111.1111.
111. 797.

19111 Claudius 11111 13111111 1. Ger-
1111111 01111111 1. ’1101111111111
111111. 0111 Aug. abnepos 911111
Aug. Germanicus 11111111 11111111.
111. 1111. 1111. 1111. 111. 111. 1.1.
(1. 58) 798. 3611. - .—

1111. 1111. 11111. 111. 911. 1111. 911.

111. Tm (1. 60) 5107.

 

