11. GEOGRAPHICA.

1611116767.
1161116166·
1111611161 6696.
16111161 6166.
1616116616 6661. 6176.
11611116161166. 6796.

1166116111 67691.

16166161 7169.

1611766911.

1666611161 6966. 6161·

1661111111 6999.

166161661616 697. 6969.

16616166116111 1696.

1611111616 5976.

1666116111 156.

1666111 6969.

16116111, 116111 - 6697.

1661111116.

71116611 6696. 6619. 6616.

16111116661616 5916.

16161166111 5176.

16111611 6671.

16116616 1111161661 116.

161166611 6111116691.

1696616111 Syrus 9996.

161166111 969716.

1611661111661 6796.

1611111161 6919.

1611616 6796.

161111119976. 9666. 6169. 6661.

1616661166 5966.

16116616 1666 16. 6176.

1611111 71161161 1666.

16116116611.

16116161 1111111696*

16161661 16661, 661 1611161 66616 6191.

161111 1111161 1116) 6957.

1661116116 11661 6995.

16611661611 667.

711 16611 669. 9667. 9117. 6991. 6661.
1917. 6596. 6659.

111 1. 161. 16116.

16116111, 6616611 cl. - 519.

1611 16111 6919.

161. 16111 1611 197. 969.

166111.1696.’

1661111967. 1176. 9677119769. 6175.
6965. 6619. 6761. 6665. 6576.
55761. 6199. 9591. 6969.

16611 1196.

166116111 6616611 - 1996. 1591. 1666.
9117. 9699. 9665. 9761. 6916. 6996.
6615. 669616. 1559. 5666. 6661.

nme, 166616161661 - 9666. 6666.

6699. 7199.
11166. 61611111. 1661. 6616. 7919.
661. 6611 1661111111991.
6166. 661. 16611 6696.
16611 696. 919. 957.
16616111 1111111 696.

1661 1161611961.
1. 1166111611. 1616.
1166611666 1616. 6911. 6967.
1. 9111611 5999.
1. 9116611 1666111 166 1666111161·
166 (Y) 1696.
1. 11111696.
1. 7111161611 6666.
1. 7161161 6766.
1. 71616161 6666.
16616 6111111 6917. 6669.
1. 61111111111697.
1. 76166611, 1. 71166111 6919.

16616111 1116. 659.

16616111 116161991. 667.

16616111, 6111111 1616111 ·-· 969. 657.

1661911116111 166.

1661111171. 6966. 6666. 7966.
166111116111 1. 6. 7667.
166111116111 6616. 6766. 1969.

1661616111 966. 6996. 6196. 5569. 5911.

66571.
11111 6161161111. 6791.
Sept. 1661666111 596.

16616661 5169.

1661611119516.’ 9669.’ 6651. 56691.

1661116161169. 6169. 6661. 6661. 9669.

1611111. 5166. 5569. 6619. 6997. 6696.
cs. 61116.
16611161 1667. 5616. 5155.
111 1911161661) 6796.
1611116919.

111611 6966. 5669. 6969. 6911.
1116619665.

1111619969.

111611616111 16916.

mmmm

1116161666.

11111916. 6966. 6666. 7997. 7969.

1111116916.

1111111, 1111619166. 6196. 6166.

1116116 6166.

6616111 7111111 16111 6116661661611
1116116 5961.
1116111616 9616. 9669.

11615975.

11611661 6661.

116111616111 6196.

11161111 6969.

1161111 6669. 6919. 661. 161119111161

11611116111 999. 999.
11111116111999. 6666.

1111111 17) 116616696.

Α111116

1111161 6766.

11116161 6599.

1111116111 6665.

111111611 66616616 11161 6666.

1116516υὸ11 69. 666. 6916. 6196. 6196.

 

