IX· POES etvmomms.

16611166161161676.
6116611666 5131.
8661161 maie 66166166 16166161 3735.
8666161 1666161611 7611611 3373.
866616161 116111661616 1031.
16 16611661 166611166 Calibus 6335.
6661611611 Casini 6617.
Ferentini 781.
Fundit 7000.
1161666666 7166161. 7131.
67616166 7131.
7611111111 1036.
6616611166 7161.
71616166 5151.
661. 76161166 5137.
761161 3736.
66616161111 curione 761. 3733. 0368.
8111666 11616611 155316.
11116 3737. 3738. 1016.
66161161 16161 116166111161116111108.
3113. 3706.
711616161111 16511) 0633.
36116116 76661661 5387.
b'fflcam 76611616 7660666166

06611661611161 1. 166. 7165.

Decem 611611 71111613.

36666166116161 666111 661616665317·

71166661 661116 76111116 3538.

71111161 1666611 1166116166 1011.
76166616 7163. “

‘FO—*-

7111116111) 6166161611 1166166111 7013.
61. 66661111 1611. atto.
7111611161 111 ,1611111166 7613.
7116611 1063.
76166116 5067.
, satemt 3763.
71166666 66166166 8661666611616 3108.
661.,116166611 61 661. 161. 761116666-
16 513·
661. 161. 71111666 513.
661. 7166616 oto.
Pompeiis 6166.
1666111611 3161161661 5373.
8661661616 3753,
666116 81161666 5317.
611116116 16 Sardinia 3758 = 7011.
71166161116 3666161111 3330.
61. 111. 366611611611611111111 1135.
61. 1111 0611116166 otto,
Panhormi 376οτ5601.
6 6116116111666 1. ine. 3761.
61166368861161166111 661. 316661113170

0161161166 1116166 mole 66 dignitatem
municipalem 16161161· 3717.
36661111111661 111 766111 6115.

156

016616611176166111 11355037. 7166.
0166016661 111 3616616661 3115.

3. 1766616161111661161661616
municipalia.

316611116161 06616 3737.

comte 3363.
Pompeiopoit' 1033.
Vonooinorom 1031.
metarum-too.

116611116161171111) 1116 qut 1111 1611 61-
66666 praeerunt 613. 013.

316611116161 6111161616 16111 361161 1111·
161661 3661666111 6661166661617131.

116 16161616666 6161111116616 61661-
616111616 7131.

66 1611166161666 magistratuum 61661-
616111616 7131.

Summus 6166111161 611111613111161616

06611116 6661111616616 6166666166 16616
16 6166161631 166111616 7131.

36611116 3701.
16161116 061166 3883.

06611166 1166611661 (16 6166161616. 16
16616. 16 6661161 161. 1666 tuoe.
etettette 6616, 16 1111116666) 1666161
poesim.

’ 01661161 6666113616666116 6611666161

Tibure 3306.
611166 1666161 7166116116 3051.
861661111166611561 6666 6666 1666166

01661666 1166611661 16 1111 66166111 (Cir-
166166611666161 7016.
16 66166661616611 6533.
Honore· 616611 1666166 31166611 3133
06161661 1166611666 616166161 16111108.
consummato· 661616 7015.
1166611166 eb 616166 1666111611 811-
161611616 5380. ·
01661566 1166611666 16661616611361 661-
1661166 Brixiae 3763.
766661113733.
01666111666161666161661616666161361-
6611113316.

061666 11666161 6166111611 6611161 61111
6166616 666 gestit 6651113701.
01661666 66611666 61 1166611661 1666161

Acerrae 3716.
1611111 3310.
,166611 3765.
3666666166666611666661616611666161
011166 6033.
0161111616666666666613611666161101.
161616611 66160161 6166611666 616116-
616111666 66666661 1661166 Gro-
menti 7017.

 

