V. IMPERATORES ET iiiPniiAnoiivii FAMILIA. 6⁸1

313111 111. 733. 811. 813. 333.

3111 S. 111. 833. 837.

3111 8. 1113.

17111111 Augurino 3111 31111 1111111111
111. 111111 31111 3131111 111.
11111 1111. 11111111 1113111. 1.
1111111111 833. 337.

11133111 1181311111 1111111 Vibium.
1111111 111111 quondum i.. Viinurn
111111, 111111115113.

i. 111111 3111111. 1131. 3153. nini.

1113. 111. 111. 11. 111111. 7171111111.
inu. (r. 137) 3115837. -

inu. 111311111 111. 31. 1113. 111. 111. li
(1. 137) 333. “

irun- 3111. ’1111111 liu-riflum ‘³¹32
nunignrr· 1113. 111. xxi. 1111. ii.
111. iii. 1.1. 31111 3. 7111111 Pri·-
13111111113111-311111 11111111
1113. 111. 111. il. 1. iii) (1. 137)

1111131 1131.
noim 31111111 (1111 11111111 Pii) 831.
111131131111111111111111111 Pii) 331.
11111 313311 domini n. 1111. 11111111

111. 1111111373.

A T 831

. 333311·
11113 rimu 1 111 , 3
11. 1337.

1111, 3. Τ. Aulius 1113. 111. 111.
338311.

1111. 3111. Τ. - 111. 31111. 1.
31133383. 3333. 3131. 3133. 5181.
3315. 3331. 7333.

1111. 1111. 1. 1. nino.

1111. 3111. ’1. Aulius 1113111111 An·
11111113313.

1111. 311111111111111 111. 3111 1.

1111.311111111111111111.31113131.

lurp. T. 111111 1113111111 1111111111
111. 3111 1. 1. 3331. 3333.

imp. 111111111111. Piur 33033333.
3571. 3733. 3831. 1333. 1133.
3351. 3181.

ΙΙ· Ρ· ⁸³⁰· 8371

111111111 111. Pinr 3717.

1. 1. 1718.

11111111 1. 111. 3111 11111 1111111
liberique 11113133.

11111111 111111111111. 31117138.
11111111 maximusque 11111111 1.
111. 31117173.

111111111111 11111111 T. 111111 11·

1111111 131.
11111111 1113111111 11111. 111.
3111 831

11111111111111111)1111.

1111. Antoninus 1381.
311111111111111 3113.
3ὲὲξὲ111111111 111. 131. 1313.

311111. 838.

31111 A. 111. Pinn 317. 818. 3133.

31111 1. Pius 3531; 11111111111111
Antoninos 1111111111,

31111 Piur 157. 3871. 1338. 3353.
11111 imp. 3111. Μ. Aurelii 11-
111111111.111111111111111.3111.
1..111111131111111111111115131.

imp. 3111. 111111 1113111111111111-
111 111. 3111111. 1. 1. 1131111111
11311 1111111111 83811.

1111. 311111 3111 31311111 i. 3111
’1111111 31113111 111. 3111 1311111
111111. Τ. 111111 1113111111 Anin-
11111111. Pius-nuni. rnrr. 1113111.
111. 31111111. ii (33 138) 833.

1113. 111. 111. 311. 11 (1.13813733.

, imp. 3111. T. 1111113133111111·

1111111 111. Piur 111. ii. 1.1.(1.
133) 333311.

inin. 3111. 111. 1113111111 1. 111.

. Piur 1111. 1111. 11.111.Γ1111.1Ῑ.
n. 3· (1. 133) 833.

Imp. 311111 3111 Hadriani i. 3111

7111111 31113111 111. 3111311111 “

1111. Τ. 111111 1113111111111111-
11111131111111. 1111. 1113. 111.
Π. 111. ii. 1.1. 111111 Amin (1.
133) 813. 1133.

imp. T. Aeiiuj 111111111111.3111
1. 1. 1111. ii (113113 1. 133) 3173.

imp. 3111, 3111 17131111) i. 3111
7111111 31113111 111. 3111 Nervae
11111111 T. 111111 1111111111
1311. ingr. 1113. 111. ’11. 111. ii.
31111. iii. 1. 1. (1. 1333 811. 1153.
1111. 1111. 1113. 111. 111111. iii
(1. 113) 813. ,-
1111317) 1113. 111. ii iii ii· 3.
(1. 1131 1331) 111.

1111. 3111. Τ. 1131331111. 1113111
1. ru. ir. 1. 111. 111. 1.1. (1.113-
115 333

1111. 3111. Τ. 111111 ii. 113-111.
Qu 1111. 1111. ..1113. 11113111.
iii. 1. 1. 1111. 11 (1.-131) 133.
puni. 1111. 1113. 111. 1111.111.ΠΓ.
1. 1. (1. 111) 851.

1111. 3111. 3111 11. iii. 3111 Trrirni
u. T. 11111. 111.-1113311311ζ
1111. 1. 1. 111111. 1113. 111. 1111
(ι. 111) 3713.

7111. 3111. 3111 ii. iii. 3111 Tr. Prr·
13111 n. iiiviri. 1111. Τ. 111. ii.

 

