VII. RES PVBLICA ROMANORVM.

ῙῙΙῙ 1111. 111 111111 eb 1111 ...... 111.

11101611115 ’lue 11111111111111111111 11111-
0111 01111111 1070.

1111111111ἑ1ἐὶι ,1111111111 honoratus 1

Ἣ

1111111111. 713. 3901111. 1151. 1161.
1111. 5591. 5507. 0108. 0511.
11111111 11111 111111111 773. 3013.

111111 11 111111111111111111911.

111111111 1111111111 1111111111 3010.

1111111111111 111111111 1 0111 Vespe-
11111 5117.

1 0111 11111110111111110000.

111 1111. 0111. 1111111 111111111
111. 3135.

1 11111 1111111111 0051.

1111111111 11111111 0173.

Equites:

Ordo equester 710·

11 11111111 equit. 1111111. 11111111
1102111111.

eques 3951. 3757. 1081.

1111101111111931185. 1518. 1001.
1151. 1330. 1513. 160517313050.
3180. 3500. 3758. 3701. 3815. 3930.
30031010. 10771101. 1115. 1510.
1551 5000. 0317. 0006. 0050. 7011.
7131. 7377. 7118.

111111 01111111 111113017. 6100.

11111111111111 111111111111 3710.

1111111111 eques 1111111111 110. 1850.
3051 (1). 3103. 5037. 0111.

111111. 11. 11. 11111 1111111 1111111

eq. 11. 111111 11111117088.

1111111111 1111111111 111 01001.

eques 811111111111111111161.1170.
3319. 3011. 0100.

equo 11111111οο 81188. 80111811183.
13101513. 305511. 3081- 3100.
3153. 3155 3100. 3110. 3180. 3110.
3710. 3711. 37611. 3777.’ 3780.
3700. 3831. 3835. 3853. 3803. 3877.
3801. 38811. 3890. 38993009. 31101.
3005. 3009 10301051. 1009. 1101.
1010. 1061. 5017. 0000. 0031. 0051.
0710. 0851 0031. 7071 . 7077. 7171.

hebens equum 1111111111 1070. 3811.
5175. 11050.

equo 1111111111111111111 1111 3051.

equo 11111111 (1111111151. 3810.

1111111111 133. 37105101.
0009. 7010. 71101.

1111111111 equo publico 7100.

1111 1101111111 1111. exornatus 0581.

1111111 equo 11111111 10 1111. Caes.
’1111111 111111111111. 3010.

equo 11011111111111111 1111111111111
11111111 111111111111.131. 3358.
1111111111 11 1111. 11111 1111111111

3703.
1111111111 1 11111 1111111117171.
1111111111111111. 11111111 Aug.
011 1. 1. 1119.
honoratus 111 1111. 1111111111 11
1111111. 0119.
1111111. 11111111 111., eum 111-
1111111111 11. V 3053.
111111111. Vll 0110.
11. ΙΧ 0111.

111 111. ’111111111 11111111111111·
111111 1111111111 11111111113010.

1111111111 1111111111 11111171.

1111111111 1111111111 1078.

111111111111111811111111011131.133.

1111111-111 3013.

111111 10100.

111111 11111 0111.

11 equite 8111111 3733. 0708. 0770.

Severi 11111111 111111111111731. 1171.
1111. 1158. 3151. 3183. 3331. 5501.
0006. 0011. 0013. 0188. 0191. 0101.

11111 1377τ11701. 0101.

111111111111111111111111101810185.

1111111 11111111 1111111111. 133.
5135. 0715.
11111 111111. Rom. 111111111111110377.
3131. 0190.
equitum 1111111 1111111 0007.
11111111 1111111 0018.
1111111. 11. 1111111111111111 3011.
3010. 3101.
turmae 11111111 3015.
1111111. 11. turmae 1111111 5999.
1111111. 11. 1111111 11111111 3135.

011111111000. 1175. 3001. 3001. 3103.
3000. 1000. 1083. 11105. 60181085.
1111111111 iidem 111· 11111111 3003 =
111111111 150. 1070. 3050. 3057. 3058.
3093. 0113.
111111111 domus 11111111 1030.
1111111111 [actum 1 111111111111111
1111 privato 3050. 3057. 0113111.
11111111111111111113050. 30573058111.
Patroni, 1. 111 111111111111.
11111111 1111111111 3003111.
11111111 111111111111 1111111 3707.
1111111111 11111111 0113.
11111111111111111101150110.7000111
1111111111111111. 1111 1111111 3061.
1111111111 11111111) 510.
1111. 01111111 1111111111 1058.

Ρ1111ἓξ5ῗ 11111111 1111. (111111111111)

 

