11. GEOGRAPHIGA.

0111111113000111. 3370. 3005.

01111111111170. 70. 1100.
01111110111115301. 5300. 0500.
011111 37. 007. 0177. mn* 3000.

3000. 3553. 3700. 3750. 0003.
0000. 0070. 5113. 5001. 0070.

111. 0111111 0. 0101111111 1010.

01111111111010.3007. ·
011111111 0100.

0111111 7101.

0111111 0033. 5177. .

0111111111. vinus - 703.

0111101111 000.

01111111 5000.

01111111 3330.

0101111111 05. 00.·

011111111 7015.

Ugernum 5010. 5030.

0111111 5030.

11111 5010.

011 01111117000.

00 1111111111 5010.

0111111111 5070.

0111111 5150.

01111111 3110. 3010.

Colouln 01111115170.

0111111 005. 053. 3070. 5300.

1111111 0111111111 0700.

0111111111 0000.

0111111111111. ool. 01111 -111.11, 1.11.

0110111111000. 0030.

Vindelici 50101 11. 3030. 00501.
0110131111 1111111) 3530.
01101111111111 111111 lai = 5000.
01101111 11111 3101.

0111111111 5007. 5003.

0111111111 5030.

01111111ου11 3050.

01111111 0300.

111. Claudio 0. 3500. 3300.

01111111113017. 5070.
0111111111111111 153.

011111111 5131.

Viturii 3101.

31111111 11111111.

01111, 111 1. 000.

011111111111 111111 0303

01111111 101. 100103. 0000.

1111011111 100.

Umbrio 1100. 1131. 0170. 0005. 0350.
3170. 3175. 3170. 3177. 30003051.
3000. 5130. 0087 0000. 7000.

quindecim nonnil 01101111 033
01111111111 500.

01111. 01111111, Voclannionum 11111

01111111 0330. 3705. 0005. 5001. 5000.
5003· 5000. 5018. 0000.
0111111 3530.
0111111111 5100.
011111533. 5300.

011111111111 00.
Volturnus 5157.
0111011111 111111 107.
01111111 5033.
0101111111 7053.
01111111111111 1070. 5103.
Urbs 11111111 01111101111111 1. nopai·
111111.
Urvinum 3710.
1111111111 011111111111 000.
0111111, 111. 11111 Aug. 0013.
111111 37001.
Unio, ool. 1111101111 11100111 Aug.

ool. 1111111111 3500.
11111,111. - 3000.
011111111 5133.
01111111 5500.
0101101111 500011.
011111111 3303.
0011111 5070.
0101111111 guno 153.
Zoilo 5003.

3. nonnul. florii. 01010111. cuno 000.

florii 0111111111 0333.
011011 01111111111 0350.
01011111
011111111111 01111111
01111111 0300.
Antiquos ς
Antoninum
0111111111 molor 11 minor 0300.
01111111
0111111111
0111111111
0111111111
’ 0111111111
0111111111 0111111111
cono 0111111111 ·
innuo· 1111011111 3030·

3330.

1111111111 3030.
01111 (11101111113370.
Fundus Cnelnnno

011111111111

1111111111 0000.

colonus
01111111 0111011111
Fundus 0111111111110000.

0111111111 0000.

011111111111 0330.

011111111 ’

3111111111

0111131111

0111111111111

Clodlnnuo

Coroniunuo
Cnsn 0111111111.
Fundus 01111111

1111111111

 

