11071110.

7701101101111010101. 1011110.

770. 61011. PR 1001100 1111010111 110-
0οΙ1 11010111 iiio.

7711 1011111 00111111.

’077 101111 6066.

7111011661.

7 710101 eiii.

V 11111 iiiiii.

V 111 panim.

V 11111, 11101 panim.

71010 1017.

761 71111101 1 1666.

V.A 1111 111016756. 6760. 6666.

7. A 11111 10011 panim.

’111 1111111 1011.

VAi. valetudinarius 6606 011.

7.11.6.0.0.7. 0.0.0.0.0.7.0,

·1. 6700. 7606111,

7.11 111 00001 60101 01. 6016.

70 000101 6671.

70. V. 0 vir 1111010101 passim.

7101115001.

v.coiis 111 1001011111 6701011.

7.0.11 1010011111 01111 00101111 6671.

7001110 01 do 01100111101111 1101-
11017101.

711. 7.11 111 egregius passim.

71107. 011110 11111011111111111011 1060.

VEL 711101 1110111 panim.

701 7111111 5000. 5001.

VEB 11101 panim.

viiii 71111111 iiie.

711110 71101010 6066.

7117 1111110010011101.

VET. iiiii 1111111 0111011111 6700.

7117 11111111101 6011. 6671. 6701.

ViiX 1111111110 6056.

7.0 111011 111111 610. 775. 6116.
6060 011.

7.1·’ 11101, vivii 11111 010 011.

7.1’. 0 1. 6616. 61011.

7.1 111 11101011 1150. 5171.

Vi. 7111 7101010060.

711 11111 610.

71 11101 0610.

711 vitii 0666.

710111101 1666. 6671 cii.

710.0 . ii victrix civium 0001001010
iiia) 6551.

710110110111101 6671. 0701.

710. 6310. 170 1111 11111 10611101

7107 110111111101 0761.

710111 111 71οΕ 0001101 6066.

710 11111110011101.

711. 1111101 panim.

71110 71101110 1000.

717 11111 panim.

7.1. 11101 1111111 6600.

010

7.100. P 1011101010111111166.

7. 1. P 101011 (1010) 1101111 001011 667.

7. quiffaii³ 101010 (10101110101001011
0111110 17071 11. 1701, 1706·

. 7.1..6 101010 110101 101111 1600 011.

7.1..6.601.11 101010 110101 101111
01111101 1766.

71.. 7. 0111 1660.

7.11111101 0100060010111660.

71110. 71107 0011010506. 66706761.

700006111016661. ,

VNiQ 0011010011 6657.

701. 70111111 111001 00111111.

701 1010011111 panim.

7010 71111101Ιο 101. 11, p. 606.

7017 7111111111 111001 panim.

707 7010111 111001 panim.

707. 007111 1011 1010111 1011101
1761.

1 ,0 111 011111111111001 passim.

V.P 11101 110100, 11110010110010766·
1506 011.

7. P 101010 001011 1615.

7. 0. A. 7. 0111 111011111100111101
111111 praesidia 1067.

7. 0. P. 011111111101111011011100
10016060.

7. P. P 0. 1111111110 1001111101-
111001 praeses provinciae 11101111-
11111 6111110111 5676.

7.0.0.0.11.01.711101111611111·
mus 1111111 11101. Norici 1011011·
11011 1061. 5000.

7. 0. P. P .1i 111 perfectissimus 0111-
111 prov. 1101001111 5500 6600.

7 P P P P P SVPiiii 111 011-
111111111001 0111001001 1101101111
010οο1011 1001110111 500.

V. P. P. 6 111 perfectissimus 0110111
611011ιί6605.

7. P. P Pii 111011110111111110101111

01110111 0666

7. 0. iiiii S. ii 111111110111111101
1111001111 1101110011111101111100011

7.1) 111101 0011001101 6160. 6150.
6015. 6601. 7110111.

7. R 0101 1101010650.

70 11101101 0115.

viiii 01011010011101.

V . 6 111 1011111101 1166.

7. 6 1010 10111010 6670.

7 ,6 101001 101111 0011101.

7.6.1.1 101011 101111 101010 11011111
0000111.

7.6.0.0 1010 101010 dono dedii 1000.

160 11101 11010111116650 (10111111
0011. 011111).

7. 6. 1. 101010 101111 110111 1661.

 

