20

Gnouton· 3111111331 3338.
33131313331131 733.
31131313131 13313 3373. 3133. 3333.
3383 3383 73331.

3113131333111,313111 333313311331111.
31113. 33333.
3311111111 3338.
31311131 3131.
31311313 3133.
31311131 3333.
3311111131 381.
31311311 Mutuesca 3333.
municipium Trebulanum 3111133131-
3331 7337. ,
31333113113313313131 333.

313133131313. 3833.
3133311, 3131111 133. 83313331833.

11. 3333313331.

331131 3133.
713137331.
731331113. 7311111131.
71113111 3333. 3333. 3313.
7113111 31113331 1373. 3338.
7113113 (33333113 131 11133313) 3137.
713 7113311 3373. 3133.
3. 7. 11113311 11 3111131 31331131

133 sp.
71333131 313. 3333. 3713.
71313131 3331.
71311111 1133. 3333.
7331113333 3333. 3333. 3733.
7133133313 3313.
7113111 3331.
711311331 3337.
71111311 3333. 3333. 3333. 3355. 5783.

3838. 3718. 3730. 3838. 7333. 3

73331 cs. 1331111331.
3111 3131113313.
31111331 3338. 3333.
31131333313133113 137.
Tridentum 3183 = 3333. 3733. 3333.
3833. 3833.

331. 33111331. 3317.
311311331313 gentium 133.
31133111 3373.

3313371131 3313.
3333311313,Ι 3113331133 783. 3333.
711 131333311113337. 3331.

3. 11331113 11. 3333.
31311 3335.

3111331331 3173.

3111331131 3133.
333311131 337. 1313.
3311311 1338 = 3733.

3311311131 98*-

33113331 87.
33113131 88.
3113333111 3333.

3111333 13331 3131.

3111313331 11. 3131.
Tungri 3333. 3333. 3333. 3733. 3783.

331113 3183. 3133. 3131. 3313. 3317.
3313. 3313.

At 333131 3313.

311131 3831.

331313133111 113.
331311 11331181, 3173. 3383. 3333.

3318. 3833. 3133. 3383. 3183. 3333.
33131 333. 3131.

713313311331311333133 pisid. 3133.

3313111131 773. 1338. 3333. 3333. 3383.

71133311 3333. 3333.
71113 7333311313313331. 33113.
711133131 1333.
713133133 733. 3313.
71333 711311331 381313.
7113311 3333.
1111113131). 38333. 3333.
11313311 (31 3313.
111113. (33133133) 737.
731131311 333. ,
7333111331 311111 133.
7131113131 3137.
7311333 pagus 3138.
7313311313. 71311131.
7111333.
731333ὃῦ3114131ιοσ131313333. 138. 113.

731131313388’. 3737. 3833.

7113311111 3133.
mma. 31333 3311331113 31111. 3133.
7111111131, 731131113177. 3835. 3813.
73333131 13713. 383313. 3183.
7311331 11331 3133.
731133111133131111113331. , ,
731113331 333. 3333.
7331331331 3111111 3333.

3131111 1111311 3331.
7331111113 3333. 3338. 3331.

3313311 13113 7. 3133. 3333.

111111 7333113313171. 3331.

3131111 7. 3111.

7311311131 6338. 3317.
7333331131 311313131.
7333111, 331. 7.(33131111331333113133.
73331131 313113 713.

. 7333111 31. 38. 3385. 31111. 3733. 3377.

3311883833 (111 113331 1133133311)
3183 = 3335.
31113131 37313. 3113111131.

31131 3333.
33331111 333. 3383.

33331 3383.

733311 3333. 3118.

733113131 (1) 3333.

73311131 313.

73311111 83713. 3333. 7133. ,
73331131 3337.ί

7311313131 11. 3131.

 

