Η IV. RES SAGRAE.

Megalensia 11. 41. 111111.
4111111111111 4444.
111111 11111111 1414.

11. 414111111415.
· 11111111 1411111. 111. 4445.

11. 1111111 4044.

11. 411 1111114444.

11. 011111 11 collegi! 4444.
uenturum, m· 11111 111. 11, 1. 441.
01111111111. 1111114114. 11. Dec.

4. 411111111 11. 41111. 144.
4. 4411111 111. 411. 111. 11, 1. 441.
S. 411111 111. 411. 144.
4. 4111, 111. 411. 144.
serrum suscipere 4444.
4111111 111. 1111. 111. 11, 1. 444.
4111111111 11111. 4114. 4111114111
111. 11, 1. 441.
Seruum 114111114444.
411111111 014.

0111111111 11111. 4114. 4111. 41. 41111. 41111111111111111111 041. 1744. 4470.

11. Aug.
0111111111 4144.
4111111111 4444.
411111111111. 4141. 111. 11, 1. 440.
4111111 11111. 4114. 41. 11. 411.
4111111, 1. 4111111.

411111111, 1. 1111141111111 1111111111.
utrum 1411111111111111111111, 11

411141111111 1111111, 4147.
4111111 (41111111) 1114111 4444.
41111111 1111111 11444.
411111111111 (411141.) 4454.

4. 411 1111114111.
411111111 744.

4111411111 11111. 1414. 41111. 11. 11111.

41110111 11111111114470. 5054.
4111111111 11111. 4114. 411111. 11. Aug.

41141111 equorum 11111. 4114. 111111.

411111. 111. 4111. 111111. 0445.
411111111 111· 1111 411111 4114.
4111411111 447411.

Quando 111 11111111 1114441111. 11.·

411111111101111111 41111111 144. 111. 111.

0111111111111. 4111111 111. 11. 1. 440.

11111. 4114. 41. 4111. 411.

4111111111 11111. 41144111. 111. 4141.

4114111111 1111. 411411. 4141.
111411141111111 11101111 1404.
111111 4141111444.
1114111111 11111. 4114. 41. 11. 1111.
11111111 0114.
41111 1111111111 1444.

4. (1111111111 4474.

4. 411111114144.

41111111111111 444. 5454. 11. 411111. 11.
4111.

s. 41111 14 111 11111111 gerere 41111-
111 5444.

4. 11114111111111411111111111114111.
111111 41111111 Aug. Germ. 1111111
1 111111 411111114147.

4. 411111111111111 5454.

s. imperatorie genre 11 4111 (1) 144.

4111154114.

S. 4111 111111111115454.

4. 411111 144.

411114111111 4144. 4444. 4444. 4444.
Τ. 4111111 D. 41. 1. 4444.
4111141111 11114111 (111) 4454.
Τ111111111111 1141111111 4447 = 4444.
1111141111111 111111 4445.

Τ. 4141114444.

Τ. erem 111111. 11111111111115741.

Τ. 111111 111111111111114440.

Τ. 111111114441.

Τ. 1111111 11111411111114455.

Τ111141111 magn! 11111 411 4454.

Τ. 11114111111111 1400.

Τ. 1111 111141111111440.

Τ. 1111414111111 1111111 4441.

Τ. 11111 1111111111 4144. 4444.
4145. 4440.

Τ111141111 111141111111 11 111111111
111111144541 11. 1111141111 1111-
1111111. 1. 41114111.

4111111101 11. 4114. 11. Febr: 11411,

1. 444. 111. 4111111. 4744. 4074.

4111111 11111111 1141111 444. 4474. ’11141111111111111111Ι 4114. 41. 4111. 411.

4. 41111111 4457.
4. Τ111111114144. 4405.

nequ. Venus. nr. 41111.
4101111111 4114111111 4445. 4441.

41111411111141111111111.11111- 1114111. 1111411111 4114.

4111111111111111111111111 4444.

1111111111 1111 1111111111 1444.

suerum 011111, 111. 111. 111. 11, 1. 441. 11111111 1141111411. 11111. 4114. 4111.

4. From, 11. 41111111. 11, 1. 444.

1111111. Aut. ru. Aug.

s. 4111141111111, 111. 11111 111. 11, 41111 1111111111 4444.

4. 11111111. 111. 11111144.

4. 11114111111 44.

4. 111111 11111111 144.

4. 4111111144.

4. 41411111. 011. 111. ΙΙ, 1. 441.

4. 411111111 111. 14111. 111. 11, 1. 440.

V. 111111114444.
4111111111 11. 111. 111. 11, 1. 441. 744.
4111111101 11111. 11114. 4111. 4111111.
eurr. m. 111.
41114114.
V· 11111, 4111111111 111 111111
1111114111 447.

 

