111. DII. DEAE. MYTHOLOGICA vAmA. 81

1. 811111 1818·

1. 81118111 181111.

1111111 11111 1111 1111111111

1. 1111111111 801. 1788. 8870. 8871.

1. 111811 1880.

1. 1111111 1111111111888.

1. 1111111111 111. 818.

1. 111111111 888. 1818. 1880. 1881.
1888. 1888. 1887. 1888. 17081788.

11111111 1888. 1888. 8180.

1. 1111111111 1888.

1. 8181118088. 8081.

l. 11111111 1881.

11111111 111. 11. 1. 881. 811. Venno. 11.

811111111111. 870. 888. 817. 818)

888.’ 788. 881. 1878. 1818. 1117.

187817881808. 1818. 1881. 1888.

1880. 1888. 8118. 8118. 8111. 8887. -

8870. 8880. 1880. 8888. 8888 8718.
8117. 8118. 7181. 1111111 1111 m.
lun. 111. 11, 1. 881.

1111111111 8088.

1. 0. 81. 11111 1111111111 111111111-
tum 8818.

1. Balmarcodes 5818. 8817.

1. 8111. 1880.

1. (1111111 1808. 1808.

1. 0. 11. 11111101111888.

l. 1111111118818.

1. 81111111 1888.

1. 811111111118808. 8871.

1. 811111 1881.

1. 1111111111 8087.

1. 0.11. 0111111111, 111111111111-
11111 11111 11181111 1887.

1. 0.81.111111111111818-.τ1801.1888.
1888. 8811. 8801. 1888. 88181.
1. 11111111111111111111 rorum 1888.
1. 0. 81. 1111111111 1111111111111

8111111111 8818.
1. 111111 1887. 1881111. (11.) 1888.
1. 0. 11. 111111 commutarim:

111111110111111111111111181.”18111. 888

887. 888. 888. 880. 888. 818. 188.
808* 888. 808. 818. 808· 807.
888. 881. 878. 1078. 1178. 1810.
1811. 1818. 1817. 187818771880.
1870. 1888. 111811118811. 1188.
11881880. 1881. 1888. 187011.
1878.1877.1888. 1888. 171811.
17881808. 1808. 1880. 1881 1817.
1888. 1888. 8881. 8888. 8181. 8188.
8188. 8888. 8888. 8180. 8888·
8778. 8018. 80883 8808. 8888.
8881 = 1011. 8818. 8888. 8118.
818111. 8818. 8887. 8888. 8781.
8888. 881810181081 1088. 1088.
1188. 1808. 1818. 1877. 1878.
8107 (11. 8111. 8887. 8811. 8818.
8818. 8871. 8871. 8878 8188. 8100.

1. 0. 81. 81111111111888.

1. 811111111880. 1881. 888811. 8880.
8881. 8781.

1. 8111118888.

1. 01118. 8111181111) 8888. 8881.

1. 0111181111 818. 88881888. 8783.

1.0.1801111181111118111888.1888.
1881. 1888. 8188. 8501. 1888.
8888. 8888. 8810. 8881.

1. 0. 8110181111) 87.

1. 0. 81. 111111118111181111 1888.

1. 80101111 11111. 1011181111111.

1. 0. 81. 81111111111888.

1. 11111111 (1118111111) 1887.

1. 0. 81. 11111111 11811118808.

1. 8111111111 881, 1111. 8888.

1. Quorum, 1111111111 888. 1888.

11.

8181. 8180. 8881. 88801. 8888. 8 1

8881. 8888. 8887. 8778. 88088881.
8118. 8808. 8888. mv. 8800. 8881.
8888 8708. 8710. 8780. 8780. 8888.
8887. 8888. 7018. 7011. 7887.
’1808.7118,

1. 0. 81. 1111118810.

1. 8111111111 8811.

1. 0. 81. 81111111 8118.

1. 1111111111. 11111111118088.

1. 8111111 8180.

1. 0. 81. 81111111118818.

1. 811111111 1880.

1. 11111 1111111111 1818.

1. 1111111111 181811.

1. 11111111 1880.

1. 081. 1111111111 1111111111 11111-
111111 111. 1110111111111111111111-
morumque 1111111111 8818.

1. 11811118881. 8018.

1. 0. 81. 1111811111 1881. 8811.

1. 11111111 188811.

1. F. 11111 deorum 11111111 1888.
Ι. 8111111 Fulmen 5888. “

1. 81111111118880.

8· 0· Μ· 88888888· Ful· 8939333481
1. 81111111. 1111. 1111111811.
1111111111. 011. 1818.·

1. Hammon 1811.

1. 0. 81. Hammon 1818. 8881.

1. 011. 81111111111111 18181818.
8185. 8088.

1. 0. 81. 111111111111111811. 181718.

LO. 11. 111111111111111 consumtor
1111111111. 1. 81111111 111111. 1111111
111. 8888.

1. 111111111111111) 8888.

1. 11111111 88881.

1. 111111111818.8881. 8888.

1. 8111111111111111 1111111111 111111-
11111 1111. (1111. 81. 11111. 81111111
iffi 1. 1. 11111. 1111. 1111181111.

 

