vffl· 11138 naumis, m

1111110330.
1113. 111111. 5303. 0153.

11111 Vl! 11111111 73. 333. 3101. 3331. 1113. 73. 383 3785- 333. 3331. 3383.
3333. 3333. 3183. 3513. 3533. 3333. 3135. 3353. 3811. 1315.
3811. 5303. 5350. 3151. 3733. 5307. 3703.

3775. 3853. 3871. 1111111. 0737.

1. 11111 383 3785. 3333. 3133. 11111111 3717.
3503 sp 5337 3738. 3330. 1111111 7317.

1111111111 8383. 3335. 3513 3053 111111113053. 3101. 3380. 3133. 3533.
3737 3775. 3733. 3775. 3853. 3871.

1111. 1. 1. 3111110. 3053. 111111 353311.

1. p. 1. 311111111111815. 11111111111111 111711. 1. 1111111111

11111111111111 350311.

11111 vn 3111131111 3733. 11111111 3733.

31111 Vm 3733. 111111113701.
111111111 311. 353. 351. 177. 310.
1133. 3011. 3333. 3333. 3333.
3851. 3333. 5003. 5151. 5153. 1113. 353. 353. 3303. 3713. 3813. 5153.
5705. 3033. 3013. 3151. 3710. 3013. 3331.
3731. 3331. 3833. 3817. 3331. 7333. 1111113111 3538.
31111111111311. 333 = 1703. 11111111 177. 1333. 3011. 3115. 3533.
311. p. 1. Commod· 3331. 3331. 3730. 3711.
1. 1. 3. C· (111111113111111111375. frumentarius 1333.
311. 111 33111111111111 Commoda 111111111113833.
11111111111,1111 11311111 111111- 1111111111111111 3831.
111 1311111111 3713.
311. 1111111111 1333.
311. 81111111 3111110111115338.1

11111 Vll! 311111111113373.

31111 7111111111. 3330.
11111113375. 3315.
11111711111111111111331. 3375. 3351. 1113. 111111. 3181.
3533213531 3013. 0050. 8381 3315. 1115. 1111. 3135135 ....1353 3013. 3050.
11111111

11111 v1111 31111011111 03531 1111111111. 31531.
11111 vnn 1111131131 3373.

111161911111111111111111)33389033·

' 31111111873. 'mmmm' ⁰⁷⁷⁹
11111111 385. 3331.

11111 X 311 3333· 11111113333.

111113 1111111111 3333. 3330. 3333. 11111115151. 3501.
5351. 5158. 3501. 3311. 11111. 111. 5153. 3311.
1111111111 Autumnum 3133. 111111111333.

Ι1111113133.1331.3311.
11111 X 1111111733. 3003. 3358. 3100. 1113. 503. 3353. 3100. 3570. 3770. 3733.
3333. 3131. 3513· 3535. 3551. 3873. 5183. 5331.
111111111113111115111.3110111733·
3310. 33031. 3311. 111111113003. 3310.
1111111 111331111503 3030. 3570. 1131131101 3311.
3783. 5180. 5733. 1111138031.
1111111 011011113133.111111113111 3511.
1111111 8111111111 5330. qul 11111 111. X 1111. 8131..
111113 1111111111 3381. 1151111 5733.
1111111111 1535.

 

