111. ml. DEAE. MYTHOLOGICA 311111. 93

1111111111111181. 11111111, Appenninus, v. 11111111.
manneus. 1. luppiter. ΑΠΩΣ1111110193019131.

11111 11111 1951. Annua 11111111 1611. 101918931901.
1111111111, 1. 1111111111. Aquae 11111 1013. 1311. 9393. -
1111110111 1950. Aqua 3111117113.

1111111115835. 1111111111, 1111 - 1335.

111111111, 1. 1111111. . 11111111 deun 1959.

1111111111, 1. 1111111111. 1111111. 111 -, v· 311 1131111.
11111111, n. 31111. 11111111, v. 3111111111.
11113111533. 11111111, dnus - 5373.
11111111553. 1111111111, 111111 -1933.

1111111 1931. 11111111 (1111111 1111111111) 3113.

. Alfi· ¹5¹⁰· 1957· 1111111, 1. 11111111.

11111131.1·111111111· 1111111111, deun - 5879.

11111111 (sore. 1111111111) 5311. 11111111, v. 1111111.

Annon 7999. 1131111111 5371.

11131111 ww 1111111111, ν. 1111111111.

11111111, 111111. (1) 1111. 1111111 1111·

1131111, 11111111. 1953. 111111111ς v. 11111111.

111111113111, v· 3111111111· Asclepius, 1. 1111131111.

Angelus 511111(1111111111111111111)3319. 1111111111, v. 1111111111.

19311091 ⁶0⁸ ¹1⁰³ 11111111111111111939.

1111111311113· 5393. 111111111813. ΑΘΑΝΑ ΑΠΟΊῬΟΠΛΙΑ 9131.

3111 1111111111 1313. 1111111111. 5373.
1111111111, v· (111111. 11111 1159* 1399. 1399. 19391933.
1111 9111111 1111. 3111. 11311. 11. 9398. 9399. 9333. 9359.

31111. 1817. 1. Aug· 1991.

111111 111111 1810. A. 3111111111111 9353.

11111113111111111(1)5338.· 1. 311111111111 11111111111· 1931.

Antinous 393. 3003. Α. 1111111111111 1111111111 1933.

Apono 1111. 3113.11111.111111.11.111. 1. 1111111 Menntynnnnn 9901,

33. 11. 979. 973. 333.· 399. 395. 1111111 dnn 308. 339. 373103·
317. 337. 131. 397. 881. 1139· 11111111,11111111,1·11111111.

. 1979. 1133. 1131. 1135. 1511· 1113113131111 187. 5331. 3951.
9317. 9339. 9133. 9318. 9395. 1111111111 9333.
93931193931333533111. 5333· 11111111, donn 11111111 - 5377. 5373.
5915. 5333. 57335733. 5733. 0331. 11111111111. 1111111111.

3191. 3197. 3135. 3133. 3133. Autumnus 9109·
0330. 0337. 3115. 3701. 1111111 5811.
111111. 9313. 3587. 0097. 0331. 11111111).1111111111),111(1111111)1113.
1. 1111111111 1133. 9513. 3999. 3913. 1111111111, 1. 11111111.
1. 3111111111. 1933, 1. 11111111. 1111111930.
1. 111111 (1) 5883. 31111111 1193. 1557.
1111111111. 855. 11111111. 9301.
A. 3111111111 1137. 11. 11111111 Oreus 333·
1. 3111111 1997. 199319999333. l 1111111111 1903.
91131. 9017. 31111111311,1.11111111111. ι
A. 311111111111111119333. 31311111 nug. 1931.
1. 111111111393. B. 1111111 5311.
A. 1111113111) 5733. 3111111 393.
1. urin· 9391. 3. Ang- 1907. v· 111111.
A. 1111111138. 31111111, 1. 31111111.
1. 111111 3098. 3111111 1111. venun. 111115391933.
A. 1111111 1113. 1983. ·
1. 3111111111 9393111. 1111 3. 5375.
1. 1111111111 1113. 11. 111111111119317. 9318.
1. Pythius 1139. 1937. 3071. 3. 1113111 9310.
A. 3111111119359. 311111113111, (11111- 1935.
1. 1111111111111111111399. 11111 1111111 11. 1903.
’111111 1111111111 111. 11, 11. 333. 11111 311113. 1933. 5879.
1.1111111111151395737,1311111111. 3111115339.

 

