88 ΠΙ. DII. DEAE. MYTHOLOGIGA VARIA.

8111 8. 171. 1011. 1715. 1107. 8885. Dana 111111118. Elagabalus 71111.
5111. 811 dagnus urea (praeaena, 1111111111
Deua 8. 8111111111 11) 7111. 1188.
11111118. 5711. 8. 11111111 5778.
8111181111111111111181111115715. 81111111 11. Cana. 11111. 1111111.
8111111 uena 8. 1111. 8. 1111111111 111. v. 11115111.
Numan 8111111 1581. 8. 1111111 1818, 1881.
8. Aug· 1588. 1518. 0855. 7181. 8. 11111111111111 1881. 1888.
81111111111111581. 811 8111111 1881.
S. 1111111111178. 1111. 811, 1151 1111111111, 1111111111 111-
8. 81111111111111 5718. 1111111 17811 11. 1781.
8111111 8. 0111111111 5711. 811111111 1150.
8. 8111111111088. 81111111 1181.
8. conservator 5711. 81111111115818.
8. 11111111111 Larum Penatium (1) Spu· 11.11(11.111111.11. Aug. 1758
1.588 188511. 1881. 1188. 8881. 1151.
8. 1111111 1811. 5718. 5888. 5858
8111111115111111081. summasunmna 1115.
8. 1111111111 1801. 1818. 5710. 81111 1111111380. 5881. 5085.
8. 115111115717. 81. «111. 1111111 1880.
8. 7111111111 5718. 81. 1111111111. 1885. 1887. 1888.
8. 11111111 1808. 5718. 81. 811111115.
S. [1111111111 1081. Stygia. v. 81181.
8. 1111111111 1081· styx 7155.
8. 8111111111 1117. 81111111 1088. 1188. 8181.
81111118. 811151111118. 81111111 (1111111111) 1151.
81111111 natur 11111111 pecudum, 811111. 111-(11111111) 1858. (01111.
11111111.111111111,1111111111111- 11111 8111111111) 5811.
51111,111111110118111111118..11111 1111 71111. 11.
111118.11111111811.’ 11111111081818·
8. 0111 111111111888. 8, 11111811.
8111111 8. 11111111115750. 8111111, v. 111 11111111.
8. 111111111 1018. 81111111 1801 au.
8111111 S. 111111111 1581 = 1518. 8118111111 1111115811.
81111118. 881. 1588. 1581. 1581. 811111111111111,1. 11118.
1888. 1101. 1880. 1888. 1850. 81111.1· 1113·
1857. 5758. 0817. 71111111 1858·
8. 1111111111111580. 7111111. 1. 1111111111 7.
8. 1111111111810. 1888. 5758. 71111111111055.
88111111111805. 7111111111850.1857.
8. 711111, 711111 (1111 71111, Tmo Tartara 7851.
numan (1111111 1111111, quantulum Tartareum 1111111111 1171.
(1111188751. 711111 1888.
8 7111111111 1111. 7111111, 111 ·- 1585.
81111111111111111111. dana - 1810. 7111111115711.
8111111117118. 7117. 7. 811111 111. 5111.
8111118017. 1818. 1118. 71111111111551.
Dua S. 5811. 71111111113. 5878.
811111 8. 1081. 1017. 71111111111 1508. 1511. 888511. 5711.
sumu, Sospita, 1. 1111. 5711.
811 81. 88. 811. 1881. 1881. 1881. 715111111 51011.
1888. 1811. 1817. 1818. 1851. 11111117.1810.
1580. 8181. 8185. 1011. 5151. 7111111851.
5058. 5858. 8881. 'sogum 1058.
811118Ι 1181. 1815. 1155. 1885. 71111111871.
1885. 8151. 711111111111, v. 1111111117.
8. 11111111818. 1818. 711111117111.
8. 11111511111818. 1101. 71111111,1. 1111111111 7.

8. 8111151111 5511. 5515. 7111111111, 1. 1111117.
1111118. 81111511. 1818. 71111111111111888.
1). 8. 11111111511111811. 7111 1111, 1. 1111.

 

