1³0 · vlu. RES MILITARIS.

'³³⁶⁸ 111111
115111181ὤῖ 1111 2454· 3373, 3374· 1111111. 3133. 3733.’

⁵⁸⁰⁶· ⁶⁵02· 11111..

1111111111111 111111 2332.
11111111111 3331.
1111111111 1111111113511.
11111111 3331.
111111111111 2151.
11111111 3335.

11111 XX... 231. 11111111 231.
(11111 XXXV 11111 1111111 3313. 3371.)

11111 mx 1111111 31111111 337111. 11111111 3371 11.
11111111 111 1111111111113137.

31111 1111111 1111311113331.

31111 1111111 3111111111 Alexandnnn·
3335. 3511.

111111 1111111 3111111111 111111311111
111 11111111 3331.

31111 1111111 1111111 3111111111 111-
1111111111 111. 3333.

111. .... Antoniniana 332.
111. 1... 3333. 1323.
111. 111111. 3351.

m-

3. 31111111.
1. 31111111 1111111111.
11111111111 1111111. 11111Ι 111111111 1. 11 111111111ιῦ11 15
11. 11111111 123. imperatoribus 1111111111.
11. (1) 31111 3177.

11111111 3132.
11111111 111111111111 1333.
1111111 1111 1111111111 11111. mv! Au·
1111113773.
1111111111111111111 11. 3133.
equitum speculatorum 1111111. 3737.
1111111111 3177.
11. 11111. 11111. 3133. 3333. 3737.
1111. 11111. 11111. 3533.
11111111111111 11. 11. 1333.
, 1131111111 (1) 111111 1111111 cohortium
praetoriarum 1111111111 23.
111111111111111111111111111111111333 ,mgnum pf, pr, 6771,
²³⁴⁵& 1111111111111111111 11111113 3737.

1. 11. 11111 1111133713. 1111111111 1111111 11 111111111 1311.
uum· 1111· uum ³⁴22· 111111.“11.1.1113.“113.
1111. 11111101·Ρῦ311111111 l. 11. 111. 11111111 1111111113233.

1111. V. 11111. vlu. Vffll· X· 1111111111 11 11. 3517. 5231.
1111111111113313. 1111111111 11 11. 123.

111111 1111111111113331.

1111111111 11. 3331.

1111111 11111111111 3133.

11111111111 11111111111111311 31311111.

111111 11 11111111 11. nn. 11111. 11.

1111111 311.
1111111111. (11 111. Vll C.) 3533.
111168111111111111 11111 1111 1111111111
11

1111111 11 11. 11 111. Π 3333.

1 111111ὂῶἑ1111111111111 111111111111111
χ .

 

