1111111111. 1111- 1170.
1111111 1851.
11111111111171. 1171. 1111.
11511111, 111 - 1178.
111111 881. 1101. 1105.
111111 (1) 5817- 7
1111 den 151115181511. 1515. 1517.
1511. 8170. 1111. 5715.
Β. 1. 1111517.
11115115. 1. 1511.
1. 1. 11111111111111518.
Β. 1. 111111111111510. ,
1111111111 111 11111111 1511. 5711.
B. d. 1111111518.
Β. 1111111111111 1111111111518.
Β. 1. 811111 1510.
Β. 1 111111111111111111518, 1515.

1111111151, 1. 11111
1111 mann 1511 up.
11111 11111111, 1. 11111111.

11111 puer, 1. 1111111111.
1111111111 1111 58801.
1111115115.

1111111111 111111111 1111111171.

11111,1. Apono.

11111111, 1. 51111.

1111, 1. luppiter.

1111111111. 111 ··· 5881.
1111111111. 1010.

111111111, 1. 51111.

8111111111 1111111111,1. 1111111111.

1111111, 1. 1111111.

1111111111 deus 1175.

111111, 111 - 1011.

1111111111.

1111111, 51111 11111 -ι

1111111111.

11111111 5888.

omnus, v. 11111111.

1111111111,111 ·· 1111.

111 111111 (1. 5851,

c. Augusta 1118.

(1111111111. 1115. 1181.

11111110. 5880.

11111111111111111111.
111111111,11111111111,1. luppiter.
(111111 111111111501. 1508.
(111111111171.

(11111 111 5081.

011151,11111 111111111111511111111
11151111 5010.

1111111115.

(11111111 1705.

Campestres 1855.1711.1101.1101.

11111111.

(1 1111111 5118.
cumulus, 1. 51111.
(111111, 1111 - 5805.
(1111111111 111111. Fr. 11111.
(11111, 1. (1111111111. 5111111. 111.

111. nn. DEAE. mmmmm vam.

011111, 1. 11111111.

cumulum 110.

011111, 111 -1171,

(1111111111. 11111. m. 1111150115οὁ
111115081507. 150115811570.
1118. 1118. 8111. 1115. 5085.
57815155. 0118. 7811.

(11111111 1185. 5008. 5785.

(11111111, 51111 - 1180.

(111111111111 1188.

euntes (1) 5818. 5851.

1111 (1. 1818.
(111111 11111 (1) 1010. 1011. 5058. 5850.
111111. 115810.
(1.1 ..Aug 5851.
01111 11111111 5111511111. p. 5858.
(1111111111. (ff) 1181.
(1111111111. 1181.
(1. 1111115881.

Cerberus: ΚΕΡΒΕΡΟΣ ΚΤΩΝ 1175.
1111111 G· 1818.“

(1111111 Augusta 1111 111 5711 111.
1111111111 11111111.5711.1.1111

1115511111. 11.Α(11.Κ,11111.11.

0115101111 111111.1111.·1711.
1187.1188.1181.181115808810.
8810. 8818, 8881 18111. 5511.
5711. 5715. 5718. 5808. 5181. 8115.
C. Aug. 1101.
(1. 11111111 1111111111110111 August!
11111171111111111111 118.

c. 11111111) 1111111 111111115717.

C· Annum 1111.

c. August· 111111 1115

C· 11111111 11111 (11111111 1111111111

(5111115111 1118.·

G. 11111111 (1) 1110.

G. 111111111111111111111111 lm·

(1. 111111 111711.

c. 1111011111 7105.

7111111 0111111 1111111 11111111 111. 11,

11111111 1118.

1111111111) 8111000101 1110.
(1111111111 1118.
(11111111,11111-1171.
(151111111857-

ΧΑΡΩΝ. (701811171- 1175.

(1511511 1118.

0111111111, 11111 pro 1111111111 11111
51511111 1107.

(11111111111111111 1811.

(1111111111, 1. 1111111111·

1111111111,1.11111111

(1111511811. .

(11111111. 1111- 1188. 5887.

C. unctus 1188. 5888.

1111 51111 (1., 1. 81111.
(1111111111 101.

(1111111111 11111111 1018. ·

 

