111. nu. DEAE. MYTHOLOGICA VARIA. 37

9111111111 1599· 911111, 1. 911119.
91111111 Κ. 1119. 9111111111. 11111. 9119111911 5919.
11111 Ρ. 158511. 9111111, 1. 9111111.
9111111111, 11111119111 111111- 1931. 9111111911, 9111 - 9919.
91111 (11119. 19351989. 91111111, 911 - 1999.
11111 1111119. 1937. 91111111 Κ. 11111. ιιι. Dee. 189. 599.
11111 111111 (11119. 1938. 1595. 1519. 1999. 5981.
91111 1111111999. 9. 111. 1597. 5799.
1111111111, 1111. 9111111111, 11111. 11111 8. 111. 181.
1111111911, 11111191911-, 9191. S. 11111111111 1597.
1111111111 5939. 9. profugus 1599·
911111 9119. 9. 111 5791.
9111111111 5757. 9111111 9515.
91111111 1993.· 1991. 5759. satyrus 1199.
11111 9.. 111111 sepulchri 57591. 911115911.
91111111 9111111111 9117. 9111111. 1. 91111111.
91111 1111111111 p. 9. 9111191111 111· 911111 1311. 1.
1111111111 911111. 11111 1119111- 91911111 1917 op.
1111111 1111111111 9979. 9111111111 193911.
9111119) 5899. 9. 111. 1891.
11111111111198.1179.1173.·11751179. 9191111 1979.
951911. 1911. 3. 1791.·1899.’ 9. Aug. 9913.
P. 1111111111 1198 up. 91111111, v· 111111 9.
9. propius 1795· sogam, 11191111111111111) 9119911.
911111111111719). 91111111(1)111. 9915. ,
9199190191849· 9111111 911 111111111 11119111 1191.
191111115711. 9919· 911111191111 91111989.
911119111111111111 1899. 9111911111 9111 9191111899.
971911111111111191119 1911111· 9111111 9. 9. 9. 9. 1891.
1111111111 9111111 11111111 999. 91111 911111 9999.
91111. 91111111 1111111 7111111111· 91111111 (111) 9111111 1859.
11111 9111111111 5999. 9111919111 9911111 11111. 1899.
’ 91111111 9938. 9939. 5999. 1891.
9119111111, 9111119111 389. 9191. 9111111191 (1) 1999.
9195. senones, 1.11111111111.

911911911111,1.11111111). Smpls 711. 991. 959. 1877. 1889. ¹· ·

Quirinus Κ. 911111. 11111. 11911119. (9111111) 1999. (9111111) 1993. (91-
91111. ι. 111. 5³4: 5953. 11111) 1991. (9111111) 1995. 9319.
1). 11111111 1997 sp. 9719. 51 99. 5959. 9997. 9999. 9138.
011111, 1. 11111). 1111111111 9111111 5937.
91111111, 1. 111119. Numen 9111111 1889.
91111111 9919. 11. 9111111 5999.
9111111 1959. 1. 0. Μ. 9111111 1111111111 5915.
9151191199) Invictus 9111111 1991.
91111 155199. 999. 739. 1999. 3971. 9111 11111111 9111111 111111111987
5911. 7179. 7171. tp. (1)
9. 11111111779. 1799. 11111 1111111 9. 5989.
Urbs 9. 5991. Sol 9111111 1999.
Romulus 111111 599· 11111111, 1. Volcanus.
9111111111 1115. 5997. 5999. 5999. 911111, 1. 9111 911 S.
9111111111, 9111111111. 1. 1111111111. 91111911111119199.
91111111 11111111 9919. 91111911, 9111111111 9111 5917.
819111911999911. v. l. 9. 91111,1.91111111113.
81191711· ΙΙ. 1). 381. K. 9111. 111111. 9111111 1199.
111111. 111. 111. 1997. 189911. 911111119193.
9199. 9115. 91111111 999. 931. 779. 1911. 1197.
9. Aug. 1171. 1577. 9199. 159715891589.1597.1919.1919.
9. perpetue 1111. 999. 1915. 1917. 1893. 9989. 9999. 9199.
S. 11191111 1899. 9999. 9197. 9591.1979.1917.5791. 5799.
9. (11111111 111111 9111111 7119. 5739. 5911. 5999. 9995. - 91111111
9. 1111115993. . (1111.) 1919.

 

