11. nnocnnpissci.

N. 91111111 5231.
1111111 11111911111111. 511111112189.
regg· Peierne 1111151111. Μ. 1211.

111. 11119111111111 2829.

111 n. Nrrbnnenrie 6181.
Narbonenses 2327. 2826. 9033. 9915.
11. 6111111111 873.

1111111111 1111511111112513. 3170. 3217.
3655. 3959. 5156. 5189. 6018.
9153. 9151. 6188.

11111115210, f

Narnienses 98.' 5130.

1111111111 3271.

1111111111 2252. 2512. 3529. 3590.
1111111111111111111 1111.
Neepniiieni 093. 1811.

· 1111111111 Alexandnnn 6921. 6929.

11111111131521 n. Nnediine.

Nemrningensee 6731.

Nenenene 5210.

111. 1111. 11. 5231.
1111111111111198. 5997.

111111111111 5239.

111111111 5215. 5599.

1111111111 879. 5136.

111111111 iiiii* 3198 sp.

Nervii 2979. 5251. 5155. 5888. 5909.

1111111111111 5208.

1111111110. 3121.

11111113311.

1111111111 9979. 9879.

Nicomedia 3312. 3711. 7383.

111. Nienrneriieneinnr 1050.
11111111111111, 11111111011111 799.

1115115212.

111111152.’

Noidenoier 359 ep. 359 in.

11111 3855. 3975.
pertice Noirnr 6991.

1111111 130. 3903 ep. 1009. 7303.
N· 1111111 3975.
Vin 11111111111 208.
111115195. 5533.
111111111 7112.
1111119892.
1111511111 3710.

111111111 2311. 9938.

11. regnum 195. 2318. 3571. ,

1111111, 11. pernimia 799.

Nerienm mediterraneum 1061. 5259.

Norici 1985. 31153119. 3501. 5128.
5130. 6938.

N· 11111111111115259.

11111111111 11111 129. 2333 = 2399.

111111111 5272. 5271.

1111113711.

Noviodunum, 111111, 81111111 - 1992.
11111611 1111111111 253. 351. 909. 919.

0

1111111 2111191111 306.

111. 11111 1111111111 307. 308. 311.

11111 1111111111 312.

Noviomagus 5239.

iii 1111111 5210.

Novus 11111181.

11111111 (111111111, 1111111111)2182.1118.
1908. 5189. 5219. 7091. 7121..

111. N. 8111111111 5100.

11111111198.’130. 5191. 5112.

1111111111 6901.

Nucerini Annii 130.
111111111113999. 3900. 5126.
Numidi· 916. 2351. 3672. 5015. 5312. ’

5522. 5563. 9922.
provincie 1111111111 0111111911 9508.
111111112877. 9919.
1111111 3995.
0911111111 n. 196.
0111111 5210.
0111111 8111111111 1190.
0111111 5210.
0111111111 5210.

111 n. 01111111111111 3957.

0111111111 99) 5135.

0111111111, v. {omni 01111111.
0111111111 5290.

01111111 3121.

01111. 111. 111111 ·- 5280.
0111111. 3111111111 11111 - 919. 5199.
011111 5192.

Opitergini 72.

Onne, 01111113971.
011111111 3120.

011111 3191.

0111111 (11115210.

01111111 921.

011111 1312 en.

0111111111 5178.

01111 3217. 9315. 0520.

111. oniensi· 9029. 7199. 7200.

111 p. 0111111111 7116.

111. 011111111115775.

111111 011111111 1882.

Ostienses, 01111111 1087. 5775. 9709.

Vir 0111111112570. 1570.
01111111(011111), 111. 1111111111111·
1111115269. 9991.

11111111, 1. Per 11111.

11111 111112097.

Regin Pednna 79.

1111115100.

911111113109.

11111111. 111. 111111 - 9078.
111. 111111111111 6115.

21111111 162 ep.

111 Pnienr 5210.

interimerem.

 

