ΧΠ. NOTABILIA VARIA. 111

11111 eurumque 1111111 1010.

11111111111 111111 11111111 1111
ducendarum 188.

ιᾳὲιέἓθυιω 111111 11111111 1111111111

aqua 1111111 1111111157.

1111 11111111 11111111 1111311111·
1111 1111 1111111157.

1. 111111117038.

11111111 11 1111111111 11111111 111-
31111 8838.

1. 1111 11111 8383.

1. 1111111 1111111 1111111111 8381.

11111 oleo gratuito 1113111111 111·
Qum 111111 111111111111 311111

1. 11111 1111111 1388.

1. 8111111111 7111117088.

1. Venerium Pmnpeus 1383.

1. 11111311 1111111111, 11111111
1111111111 11111111113880.

1. 111111 motu 113111115183.

1. 1111 1111111111 1111 11111111. (111- 1111111. 111 ψ. 1111. 331131113111,

111111111111131111 3317.
1. 111111111111111111111 7111111311·
11111 5318.
1111131111 71111111· 8188.
111 sepulcr. 1581. 1588. 7357. 7358111.
1. 1111111 1111111111 31111111 111-
1111111 1588.
1. 1111111 11111111 1818.

11111111 11111111 3883.

3508. 3581. 8383. 3338. 7137.

1. 8111111111 01111 3787.

1. 1111 1111111111 1880.

1. 1111111111 3888.

1. 11111 0111111 3588.

1. 1111111111 11111 7818.

1. = 11111 11111111111111111111, 11
qu· 1111111 1111111111 7373.

31113111 8510.

1111111 11 compromisso 1111111111111· mm mmmm. 1511,

111111 1111113138.

3111111 8533.

1111.1111111.1388.1188.1583.1570111. 11111111ιέ5 1111111111 11111 11111111 sepulcr.

1111111111 7358.

11111 3131.
1. eum 1111 ornamentis 887. 838.

1. 1111111111 1075. 5503.
Arduum = 1118888.
1111 sepulcr. 1588 111.

3111 8583. 8515. 3711.

1111111 8581.

1. 111111 11111111111111111111113805· 1111111111 8.

31318111 111111 1111111111 1111311

8111111111 8581.

a. 1111111181 mu* ‘¹¹⁰¹ 1111111111. 1111,

1111111 1510.
1. 11111111 1111111100.
1. 1111111111 111111- 3808.
1. 1111111 1385.

emtus, 1111118581. 8588.
Calcidicum 1. 1111311111.
3111111111 11111111 reperitur 11 111·

1111111111 Pompeiana 7887.

11111, 111111 1111311111 18. 11. 8538. emm„ ube. ludum Mn... ³892.

1111111111 1350.
111111111111111 1131 111111 8158.

8111111, 111111113810771 1. 11111111

11 111111 111111. 1111111.

1111111111 11111111, sepulcr· 4519· &001033322 1111. 1188.

= 111111111837.

811111111111 1101.

8111111111 1111111 3711.

11111111 1111111111 8580.

11111. 111 11111 313111118873. 1818. cmm„ ³078. 61³⁴.

1813. 1811. 1185. um. 1187.

81111 11111111 1730.

1111. 1111. 11111881· ⁵¹⁹¹· 111111 1111.

3813. 7853. 7880. 7383. 7381.
11 1111111 3131111111 111111 1138.
1 1111 1111 11111 1111111108.
1111111111 1508.
1111111 1111111111111 8138. 3883.
1. 1111111575.
11111111 18.
1111111 1111111111 1888.

1. 1111111111 8071.
1. 1111 111111111118110.

eaput 11111111 58.

1. 1111101 5113.

8111 11111388.
8111111 1111 7178.
311111 811111 853811.
0111111111 7801.

Auctor 13111111111111 11131 1111111111 cmm 3⁹.

8138.
1111, 11111008.

811111 = 111111 1888.

8111111111 1575.
81111311 5051.
81111 1111111 8538 up.

31111111, 11111111 1888818. 8888. 011111111111111111888.
3888. 3385. 3383. 7088. 1083. 01111111311115358.

1. 1111111111 808. 3578.

1. 111131313188.

 

