18

Ρ. 1 111111 0108.

Ρ. 11 11111111 0111 11111111 0110. 0105.

Ρ. 1111111111 1 11111111 (11. 0111
01110107.

Ρ. V. nodotum 1 111111110111..111.

= P. 1111101111 0800.

Ρ. 111111 11111111 1111101111 11111·
1111111 0100. ’

Ρ. 1111111111 1111101111 1010.

Ρ. 11111111 0010. 0000. 0850.

Ρ. 11111111 111111 1111111110850.

Ρ. 1 11111111111111 111111111 1. 1. 0110.

Ρ. 0111111111111 epulonum 0850.

Ρ. 0111111111111 0100.

Ρ. 011111111 1111. 1 1111110100.

Ρ. 011111111 111111 01111111111111-
111111111 0108.

00111111110111111101111111110100.

P. 11 1111111111 1111111111 1111111·
11111 1111111 0100.

0111111111111111111111111)0070.0071.

Ρ. 01111111110000.

01011111 0000. 111111111 111110100.
0111111111 11111111 0100.
0111111111 11111111 111111111 0010.

011111111111111111111111111111110100.
011111 11111111 1111111111 010011.
0. 1 11111111111011111110107.

011111111111 1111111111 1. 111 111111

11111111 11111111111, 1111111111·

111 1. 1. 1. 1111111111 111111111 11

3111111111 0. 1111. ludorum 11111

’111111111 01111111. 1. 1. 1.1., 11111-
11111 111111 100011.
Collegium 1111111111 11011111111101-
munorum. qul 1. 1. 1.1. 0118.
11111101111111111111 111111. 0150.
V. 011111111 111111111111 0101.
1110111110 1111111111 11111111 111-
11111) 11111111111111 11111111111·
11111 111111111 11111111 0100.
111111111111 0100·

1. 0111111111 1111111111111.

1111111 l
0111111111 1
01111111 0110.
01111111 1
Flumen 0111111. 1111. 0110·
01111111
Ρ111111111111111 0101.
Ρ11111101111111 1111111111 1111·
lorum 00. 01. 0110. 0100.
1111111 11 11111 011111110100.
’111111 11 01111111
01111111, 11111111111111111 1111
01111111 111 0080.

lv. RES SAGRAE.

011111111 ’1111111 11 01111111 0171

0111111111
011111111111 1111111111 011111111

0111111111 ·
01111111 111111 11111111111111111111·
rum 101. 105.
0111111111 111111111 1111111111111-
1111 (1111111 0007.
01111111 011111 1111111111 1111111,
1111 11111 confluentem 000. 1.
0. 11. 1111. 1111111111 1110111111
111111 11 11111111 1010.

0. 1111 1111. 1111111101111.1111·
111 11 0111111 0000. ,-

0. 11 templum 1111111 111111. 111
1111. Gall. 0005.

0. 11 1111111. 0111111 11111. 11111-
01111. 1111111 11 11111111 0000.

011 11111 01111111 111111 1111
templum 0. 11. 11. 11111 1110111·
111 111111 11 Rhodani 0000.

0.11 1111101111111 1111111 0001.

01111111 1111111110111111111111 0000.

Flumen 1111111111 011111111110010.

1111111 111111111111111111 1111111111-
rum 0011.

1111111111 01111 11111111 1111. (Nur-
11111111) 0000.

Hispaniae:

11111111111111111 011111111 1111111111
(Ρ. 11. 01101. 01110. 00101100.
Ρ. 1111111 11 11111111 1111111111

11111111111111111111 105. 0010.
F. 1111111111 1. 11. 1. 0101.
001111111111. 1. 11. 1. 0100.
1. 015111111 11 Augustorum 1. 11.

1. 000.

111111111111. 11. 1. 001011.

0111111111 1111111111111111 1. 11. 1.

Flumen 01111111 1111. 1111111111 011·
111110000.

1111111 01111111 1111111 11111111 (1
1111111111111 0100.

01111111 1111111 11 111. 111111111
1111111111 0107.

01111111111111111 11111111 0100.

0111111

011111111011111111111111 0171 (111·
111111111111111111 1111 1111111111
11111 111111111111111 1111 11 111111
111, 11)111111 11111111111 11111111
ellam:

011111111111111. 0111. 0101. 0001.

Gramen.-

11111111 11111111111111111 111 1111111·
11111111 1111, 1111111 111111111
11111 0111111111 1111111111111111
11111111 0011.

 

