10 11. GEOGRAPHICA.

(1111111113133. 3000.
0111113111. 010. 3100. 3031 3000.
3007. 1007. 5113. 0100. 0000. 0003.
0071; 11. 0010.
0. 111111110000.
0111111013.
011111111. 0171. 0017. 0010.

01111 1111111111, 1111111111, Aure·
01111111 3001.

111 (11 0000.
0. 1111111111 3000. 003οε
0111750. 707. 3000. 3007. 3030. 3070.
3007.0110.0000.0000-0000.0011.
0111 000.
0111111 0000.
111. 0111111. 011111111101111.
01111111111 0070.
0111111111, 011111111 000. 0103. 300011.
0131. 0130. 0071.
011111111. 011111111033. 0100. 0103.
0710. 0717. 3037. 3170. 3000. 3000,
1000. 1130. 0110. 0110. 0100. 0100.
0000. 0700. 0010. 0000.
0. 1111111111 0079.
0. 0111111111 3110.
0111110111 3031.
011111011111 iiio. -
Damascus 1730.

0111111111 00. 1370.
01111111010. 3031. 0100.
0110111 3070. 0057.
011 11101111111111110000003. 0001.
01111111 7000.
01111111111, 01111111111 3100. 3103.
Decennovium 1111 1111111 0001.
0111111111 3101.
011111111111111111111130001 cs. 111111.
ie Decumum 0010.
Deimineneee 0070.
0111111 3071.
Dertona, iuiie - 71.
01111111010. 5010.
01101111101111111111 100.
011111 ’111. mone 70001.
0111111111 0000.

111111 0111111101) 0000.

11111 vienensis 1111111111· 00.

111 0111. 0111110107.

0011111111 toti.

01111111 100011.

0111111111 100011. 07301 o. 0111111111.
0111111 i: vinciens) 0700.

011111 regio 0303.

01111111 0100.

01111111, 11111 11 111 111111 3003.
Druantium 0010.

0111111111 0001.

0111111111 0030.

01111111111 0003.

0111101111 00.

Coi. 0111111101 100.

Eburodunum 0010.

111111 0111101111111 311. 310.
Eburum 7110.
1101111111 107.
110111 3101.
0101111 000.
01111111 3071.
01111111 0301.
01111111 1. Heluetico.

coi. 011110111110000.
011111, 11111 - 71. 1001. 3001. 3000.
0111111111 11111111 103011.
01111111, 111011 - 73110.
0111111, 11111 - 3101.
0101111007. 0100.
1111111 1111111111 1010.
01111111 700.
0111110000.
0101110111 1111111 111111111οί0.
011110010. ·
01111011 3000.
Fontine, pugne 1000.
Equestris. 111. 11111 1011110111111.
0111111111 0010.
01111111011111111100.311001030107.
0111111011. Fr. m. 111. 030. 0310.
0111111111 cete.
Europe 3070.
010111111111111 3000. 7001.
0111111111 1111111 100. 100.
0. 111111 101.
Feieriennee 3110. 0100.
Feicrio 7107.
Feicro (111) 00.
1111111 municipii Feierioneneie 011.
colonie 011111111110130.
Ferrum 0111111101. 0010.
colonie 11111 Fennm F'crtnnee 03.
1111. 011111011031. 103ος cf· ree
1, maurensis.
colonie Feneetrie 3113.
Feneetree 3000.
Ferentinum, 1111110130.
1111111, 111110001.
Feecienue. 1111110001.
Ferentio 0010.
Ferentini 0000.
Fenetieoorn munic. 0111111110000.
1111111 Feueiiencneie 1070.
0101113001.
1111111111 003.
Vin 11111111 1111111111113031.
Ferentineiee 00.
F. noveni 1011.
Ferentineneee. ciritte eornm 1111101011·
nime 3007.
0111117101.
Ficoicneee 3301.
regio Ficoieneie 111.
1101111011. Pr. 111111.
Fidcnetee 110.

 

