CAPVT. IX.

11111-0111111 Dons Av-
GvsTAE. LIBERTI„

..ψ-

N. 2119, 1. 3. 111 ’111151111111111 11111 Ἐ, 11.

11. 2111,1. 1. 1111111101 1. 5. mmmm 1111111111, Mommsen, 1. N. 111.
11. 2125, 111. 1. Lucii 1111111.

11. 2111, 1. 1. Evam! (111), 1111151111 1. 2. 1011112111ῡῦ 111., 111 1101111111
eom 1. 3. nomm 111111111111111111111111111111111111111. 1111111111.
1111. 111111, 111 1111111111111111111111111111.

11. 2131, 111. 3. 1111111 1111111111111111111111111111111111111111111111, 11111
1111111111 11111111 111111111 111111 1111111.

11. 2119, aptarim 11. Mommsen, 1. N. 111.
11. 2151, 111. 21 11111111116111. 51, 2 111111 111.
11. 2152, 111 1111111111 Ι. vnum 1. 11 11111. Gap.

N. 215511111111111111111111111111. 115, 1111111111111111111111111111, 11
1111111 1111 0151111111 11 1111 11111111111111111111, 1111111111111111111111111-
111 1111111111 111 1111 111111111.

11. 2151, 1. 5. mmm (?); 1111111111, Ι. 11. 3721.

N. 21111 11111111131111111111111111, 1111111111 modo 11111. 1111111111 1111111;
quamquam 11 11111111111111 11 11111.

11. 21121111111111111 (1,“11. 1611) interpolatum 1111 1111111, quum priores 1111111
111111 111111111111111 legantur.

N. 2111, marjan 111. 911 ⁸.
11. 2111, 11111111111111111111111111 1111111.
11. 2192, 1. 111. 11.1.1·. 11. 1111111111. apud. 01111. 111111. p. 19.

11. 2195, 111. 11010111111 nomen 111 1111111111, 111111111ς111ς 11. 11 1. 2115.
1111111111, 1. N. 5951. ·

11. 2191,1. 3. 0118111111 1111111 111111111111111111111111111 11111. Vnt: cf„
111111111. 1. 1. ,

N. 2199,1. 3. 11111111 N 11111 idem Ι. Ι.

1. 1111, v. 1. ὄίῑς v. 11. cnm mm, 1111111 ιι, ρ. 11.
11. 2916, 11. 1. 1191.

Ν. 2911, 11111111 omnm (111. 1111111111.

N. 2911 = 3519; 111. 3. nete Mur.. 111111 01. 11111111 111 1135391 11. Plio.
N. 11. m. 11, 91 t 111111 suburbano ’1111111111 agri 11111, 11121111 appellatur.
11111 antiqua 1111ς111111111111 11111111 a 11111 111.

11. 29111 11111. 11 1151111111, Dua. 11 [1111111111.

1182913, 1. 1. 11111111.0.1..11111111.11; 111. mamm 11111. 11111111,
1. .

11. 2911,1. 51 11101181 1111111111, 1. 11. 5911.
11. 2919, 11. 1. 191·

 

