vnl- 1166 6111671616. M

11111111 1111111111 61511 el. 1111. 111111. 111111. m. 1111. 1111.
1.111111111111101111611611116161. 6570. 5160. 6666. 6616. 6666.
1. pro 111111 1111 6111111111 1116111· 9339·

⁶¹¹¹ss 3365· 1111111111 111 6111111 1666.
1. 1161111111111111111 11115186. 1111 6161111111 1111111111 ul mbu-

1. 1111 11111111111117170. 101001 3063·
,1.1111111111111111111 1800· l· 116111- 1⁴⁷⁰· 3336· 3336· 3330-

1. 1111111 1111111 1111111116111111- ,9696 ⁰⁶4⁷·
11111 11111111 6650. XXV 1111111111 6668.

71μ111116560. - (1.11111111111111111111111111. 11111110.)

vlll. 11168 lllhmlllls,

1. 6111111101 6756.

11111 11111011 6686.

111111111111111111115678. leg. 11111. pr. 11. 5676.
111111111 1111111111 6686.

111111111 1111111166οὅ. ἕως. pr. 11. 776. 6686. 6665.
111111111 qul 11111 ,111111 776.

111111111 011111111115018.

111111111111 111 11 1111111111 sup.

exeffllln 1116111110111111111 1111· 111. pr. 11. 5656. 5667. 6501.
113016613566111111111 111111115156.

11111011 01111111 768. 611 1111 111161011111111111, 111111011-
- 11111, 111111 0111111708.
111111111111111111 5506. . 611111111161111111111111111611161·

num 5506.
11111011111111111 687. 6606.
6. 11111111.

11 11 5686.
loglo 1111111111 (monim 11111111· 1111111111) 6686.
1111111111 1111111111 011111 11111 6680.
11111 111111116866.
l. 6111111 156.
l. 1111111 156.
1. 1111111111 6686.
11111111 1111111111 columella 01111111116668.
columella 6111111111 6660.
11111111 111111111111111 6670.
11111111 6760.

61111 1111. 5666. 6656. ml. lrlb. 1111. 5626. 66567166.

111. 866. 1607. 6600.
⁴ ⁴ 1111111660556761.
111111 16111111 767. 86616076605 11111. leg. 6767.

.-. 6761. 6668. 6600. 6561. 61106. 1115. 11111. 6155. 5166. 5650. 5180. 6608.

68751076.5660610066816767. 6760.

16111111 11106111161556665. 6516. 1111611111 6615. 6760. 6875.

1111111111111111.11111111. 1111111111. 1111. 1111. 1111.

16111111 ll· 1111 661111 ll) 6660. 11 1111111111 6681.

11111111 6561.
· -- 1111111111 6561.

 

