vn. RES Pvnntcn nonnetttottvnt. 01

0100104001 0005.

011100 7004.

00000110 0500.

Praeneste 4000.

Rornae 0170. 0040. 0047. 0000.
0014. 0040.

’010000 0004. 0451. 7440.

01100044 0070,

0004040, 1400410054.

auncurt ,101111 7400.

140110οΙ 00. 0540.

00100100 nete. 5007. 5000. 7050.

010000 5404. 0040.

Narbone 0050. 4000. 5000.

0000011170.

0001011000 0500. 0701.

1401401100 0701.

Rornae? 0400.

000010000100000 0400. 7071.

00011010000.

0111011 0807. 0070.

0101010005.

’00100011 0100 = 0005.
mmmmww

004440. Aetne 105. 0077.

00000100 7000.

00000001. 04. 0000.

00000001 7000.

0000 0011115140. ’

0000 0001000014 4000.

4000011100 00.

01011000 5707.

0011001100 455.

110011 00010170. 0000.

010000 0707.

00001000 00000.

Pomptina, Arretii 0100. 0500·

Aetnae? 5105.

Dertonae 70. 0400.

000104 44000.

Nepete? 0054.

00101100 0000.

001001100 5010. 0017.

Rornae 1100.

70100100 7000.

00044440. 01010110 0705.

00000100 4101.

11011οΙ1000 4100.

0000011010 0705.

Rornae 47.

Veronae 07. 0100. 0177. 0400.
0010. 0400. 0007. 4050. 4470.
5110. 5001. 0010.

00041140, 1100100010 5000.

(torennae 010000 500.

001000 0150 tt). 0100.

00001000 0000.

Tergeste 7100. ’

Quirina, 4111110001 1000). 0747.

1101110700.

Aeetae? 0704.

41001101 7175.

1101010. 10001. 100. 400. 170. 007000.
00011110 110.

0011100 5050.

Capenae 0000.

00οι10100 1040.

cartennae 5004.

0001000111 5100.

01001000 0048.

· 010100 5017. 5010. 74100.
0101001100 000.
(0041111117.
11Ιο0οΙ1 0000.

100011 5000.

4000100 5407.

00101111 5001.

0101415700.

Luguduni 7000.

0100000100 0054.

0010000 1040 00.

001100 7174.

00110101 0001. 0150.

010000 0740.

Reate 0005. 0750 (t).

Romae 0754. 0040. 0001. 0000.
5000. 5500. 7050. 7000.

4100000100 5000.

00010111 0005.

Tarracone 0105. 7150.

0101001.

00000110000.

vennere 4010.

1400144411, Ateste 0007. 0050. 7005.
011000010 0000·
nomentano.

00000 0070. 0515.Ι

Satanan, Mantuae 0100. 0050.
0010000001.

0000140. etant 0000.

Dertonae 0400. ’
Florentiae 0000.
Foro 111111 0001.
0010004074.

Semta, Anttnt 0040.
00110041Ιο0 010. «5000. 0450. 0457.
4101011 0000.

00000100 00000. 4005.
00100011 0000. 0005.
0011500100 0510.
0010011 4110.

11011000 5000.

0100000 0001.

Notae 0000 00.

Nereae 0000.
Romulae 0704.
0010000 0000. 7040.
Sulmone 0050.
0000000001· 445.
Tarrnenna ttae.

 

