Ι

133 VIII. iiis MILITARIS.

11311 i 8111113111 3888. 1331111113338.

. 1131131 3338.

113111 1111111 883. 3383. 3338. 81335 3111311331 3738.
3813. 3388. 3838. 3881. 3333.
3308. 3338. 8738. 8833. primipilus 3833.

centurio 883.

ios. 3111111 iiii· 111331 81178·

8873. 3033. 3183. 3338. 3338. 11133331 1303133133 8038.

3331. 3378. 3810. 3338. 3378. 1111131131 8130. 8838. 8873. 3033. 3810.

3378. 3338. 3333. 3337. 8718. 3718. 3813.

3733. 3787. 8333. 0813. primipilus 305.

8111111311 3383. centurio 1383, 8730. 3833.

311311111 3113311111787.1883. 8881. 311111. 113111 8787.

3333. 3838. 3131111111318888.

8111111111 8111111118388. 1313131111 1373.
1131313111131 8787.

31131. 3383.
11333111113311111131. ’88888 888881· ⁰⁸⁷¹·
113. 8311133131 com 113. i. 1111111 3333.
ionio 31. 81111. 3381.

3131311833. 1888. 8838. 8737. 8831. 11111. 833. 8833. 8737.

’111 1111131181 iiii: ’ ””·
3388. 3773. 3838. 3813. 3818. 52⁶³. 5994¹ 3750,

⁹⁹⁴ ω..

13338333633111111131311318188. ῊὲωέἕπέὅξηΙ ³¹⁸²·

1113353335, 311313111111331 8188.
13131. 31188111181111113111773188.ψ ‘⁴¹⁰⁰' ¹⁷⁰²·

11311 ii 113113. 1383 1111). 138·

i 1131131 3888. 8738.
31311818. 338313. 3883. 3733.

, Ιοιοίὲτξ 81113113 103313. 3338. 33383

11131. 71 311 71 8111111 (1113111111

iiiii. 788. 3833. 3888. 3017913838.

11311 1133311111 883. 303. 788. 818. 6937,
1³55· 1838· ³⁰³⁰· ³³⁶⁸· ³³⁶⁹· inuenirim 8833.

3188138511· ³⁵⁶⁶· 8888· ⁵⁰¹⁷· 31113. 111. 1111. 1111. 1111. 1111.

3888118388881888588887· mii. imm. 1111.
1133311113 8818.
1111111 7118738.

11311 ii 8111111 3738. centurio 8738.

33131113.. 1111· 1111. 1111. ww·
1111. 1111.

iuno· 111 1111313. 3131323331.

1111111 8111113113 8881. ξὶιῖἔᾚῐω 8³⁹¹·

1111111 (1111113311 8838.
legio ii 1311113111 331113.

113111171113111 3388. 3388. 3881. mh, iiio.

Μ’ Μ’ 131. 31113. nn. 7818.
113111131318131111 7138. 1113. mii. 7138.

³ 11111. 131. 5831.

tribunus 3813. 3838. 3338. 3338. 8838.

1131133 333. 888. 1787. 8881. 3133.
1331111 3131131335. 888. 8103. 8838. 3083. 5338. 33783378. 3300. 3337.

iiiii. 880. 1338. 3033. ³77⁰. 3388. 3818.

 

