148Ι

114 4414444 pyrricha 4444.
1144441444 spurcum 44451441 4404.
04444144 4450.
11411441 475.
Rasiooaior 1154*
4444441544 ii. 4444. 4557 so.
Ti. Gaas. 444. i. 4441.
441144 4841.
4444444144 4 1444 1444441 7474.
4. marmorarius 5745.
4. 4444147474.
r· ooarumcaossris 41444114444141544.
4. rosarum 444444444441444444

4. 44444441117141 41. 4440.

1141144144 4144144144 4554. 4545. 4578.
4544. 4474.

4. 1144 4555.

4. 441444444 4544.

44414414 441144144441 4445.
11144144, 441441144. 4548.

4. 4144411 1411415505.
4444441444.

4. 44 444444 4040.

444144
4444444 44414 14441144 4441414444
(lassaris 1441 magui 4574.

4. 4. Cassarum 4574.

summa 4. 4575.

prima 44414 5184.

44414 prima? 4584.
84444444 4174. 7474.
4444444444 4474.
sagatius 484.

4. 4444414444 4475.
4441114411 4444141444 4554.
4414411044.
44114144 4494444441 4441.
4411444144 5444.
4414441141 4144141444 4544.
4444144144 7474.
4444144144 545. 5474. 7475.
44444141 4144.

44. 4441141441 4444.

44. (144441 4404.

. , 44. 1411414414.

444444 dominorum Augg. 4414.
gr. iiorsraous 4444.
4414144444 quar 41 iuniorum 4440.
synodus scaenicorum 4547. 4144.
44444 44444444 4544.

Cf. 40114414.

44444444 4414414411 mii. 41444. 44.

1114. 4404.
44414411 4071.
44414144 4441441441 4457.
44144144 4474.

4444144411 iiispaieusas 45441 of. coiisqiu.
5444444441 4404.
suasores 44414444. 4477.
4414444 4144141444 4544.

Xi. Aurios ΕΤ osricus rumara,

4444444144 (= 4454444541441 4544.
Scriba iibri.. 71. aug. 114. 4444.
444ἶ Quos, 04144144 444. sororis

uadimonium: o. 44444414.
4444144144 4454.

444. ais 4441414114, Aug. 1. 4440.
4444144144 4454.
Scurra 4408.
4444444144444444144444144,1414444144.
444144 4445.

4. 4444444444 444114144444 4474.
sacrararum (1) 4444ε7158ς as. 144444

iod. 1 V, 4. s. o. magiaiar, 41 quaa
od o. 4444 44441444.

Saeuior oiosis'osor 4571. 4574. 4544.
4444444444 7474.
4441444444 4417.

4. negotians 4404.
44414444 4455.
4141114444 4474. 4441111.
iiriiiax 41444444 4484.
signatores 44444144 Cass· 4. 4444.
81144114444444. iiis. 4454.
Simpuiarisrius 4484.
44144444 4414· (i).
84441444 4404.

4444144144, 444441441444484. 0444.
4444444444, spaouiariarius Agrippia·
44411141 Aug. Ι. 4451. 5454.

sp. 444444 4444444414 (praepositos,
4144441441 4454.
44441144144441) 4405.
spaciatus 44444444144144441444; o.
si» irs 1444144 1441444444.
suasorias· 4445.
4144414444 7415.
41444 4144141144 4571.
814114444144441 4444441444444 4854.
4144144 4447.
sir· oaeoiiaris 0448.
41444144 4485. 4454,
44144114111414144411444. 11147141 41.
4444144414411414414411444511414.
4444144444 4144114, Aug. 114. 4458.
missus iu 4144114 4404.
414414444 4144444444 4444.

· 4144141 444441 4408.

ss. gregis iiris. 4445.
suarii 44744 o. 44114414.
8441414444454514). 7144. ·
4444444444144 domus 4444414444, 444.
Suos'algoaffztsoa) librariorum, 1144444444
§ruffio 5445.

4. horrorum 4414414444444 4440.
444444444414 oasaissoaasro 4540.
Α 4444444144 osis.

, 4444. Ρ. Gaas. 4., 444. i. 4457.

Caassris 4 4444414444 aurosa a!

 

