10 lv. RES SACRAE.

8111115. 513. 1500. 183511. 1818. 8851.
0118, 1813.

8111111, 111111 - 5081.

81111111 8007.
1111111111 7.,1. 1111111111.

1111111, 1. 8111111.

01111, 011 - 8070.

01111111, 011 - 5085.

81111111 1811111111) 8. 0111. 1110811·

8. 1111111111. 1385.
81111111. 1111118. 8111111111 1881.
81111111, 0111 - 8071.
Volturnus. 0111118. 0111. 11. 111.
V. 1111111 1018·
volupia vol. 11, p. 110.
8111111111 8. 0111. 11111. 11. 111.
1018. 1010. 5085. (Vertumnus)
5718. 5755.

1111. 111. 111. 588. 801. 138011. 81111118078.
1381. 1383. 1803. 8151. 8100. 011,11110081.

8801. 3888. 0005. 5088. 5087.

0010. 71111. - Tutela 81111111.

8111. 111. 11, 1381.
8111. 1383.
Augustus 0111 V.. 5080.
V. 111111 1111 1111111111388.

011111, 1. 01011111.
01111111111111, 1. 011 0111111 0.

111111 8033.

01111111 5080.
01111111 5087.
8111, 181111.

IV. RES SACRAE.

1. 811111. Sacra. 8111111111 varia.

1111111111, 1111110111 11 - 8331.

1111111111 8111. 1110. 11 Pr. 11. lun-3
811.811.11.11111.; 81111110. 8111.
Venus. 11. 11111 ; 8111. 1110. Pr.

111111. 1111111. 11. 0. 011.
1111011111 111. 11, 1381. 8530.
Arbor 11111111 1111 0110.

1111011111111 811. 1110. 11111. 11. 011.

1111111111 110.
Augustum, 1111111111 3888.
0111111111 8301.

0111 11111111 111. 11, ρ. 381 11. 8111.

nummum 811. 1110. 11. 11111.

, 011111111811. 1110. 0111. 8111. 11. 111.

01111111 (1111111111111111110111 8313.
0111110111 1000. 83881 1. 111111111111.
011011111110111 8313. - 11101118315.

0111111 11111111111111808. - - 111-

11111588. .
0. pm 11. 0111111750.
0. 11111111 0130. 0131.
0. 11111 11111111811111115733.
1110111 0111.
010111111111111 ordinis 0111111-
num 1111111 1888 = 3780.
011111 1111111111 11111111111111111
11111111. 7108.
Nomen 01111111 0110.
’1111 1111111101 (11.1111111111111111)
0111111111 0115.
0. 81111111 8111. 11111. 1111111. 11.
111111. 013.
0111 1111111111 K. Pr. m. 1111111.
0111 111111 111111111 811. 111111. 11.
011. 0115.

0111 111111. .. 8. 1110. 11. 111.
81111111 (111111.) 8330.

811111 1110111 8303. 8305.

Epulum 1111 11. 1111. 111. 11, p. 381.

111111111 111. Sept. 100.

8111111811. 1110. 11. 8111. 11111.
8111111 811. 1110. 8111. 111. 8111.
811111 panim 11 8111101101.

8. quod 11 0110. 011111 11111111
811. 11111. 11. 11111.

F· 1110 11 011 0. 01111181111111
0111111,1’10. 11. Aug.

8. 111011 C. 011111 11111. 11111. 811.
1110111111.

8. quod 111 0111111. 0111118111·
11111 1111011111 11111 811. 01111.
11111. 11111.

8. 11 11111111111111 111011111111·
1111111, 11οο 11 011 0111110111
1. 11111 11 8111111 811. 11111. 11.
Sem.

8. ex sc. quod 11 011 imp. 0111.
0111 1. Augustus 1110 1111111 11-
111,1”10.

8. 1180. 11οο 11 011 1111. 0111.
Aug. 111111111111111 111111111101·
bem intravit 110. 11. 011.

8. 11 80. 11οο 1101101111111111
1111111 11111111 1 111111 0111111
110. 1118111.

8. 1180. 111011. 011111 11111111
1111. 1111111118. Pr. 111-1111111.

8. 1180. quod 11 0111111111 111-
11111, quae 01111111 ’11. 01111111
111. 1111111 11. 1111111 11111, 11
111111 1111111111118. 11111. 11.
Sept.

8. 1111 0111110111111111111 1111111

 

