VIII. niis MILITARIS.
1111111 qni 1111111111 1131111 11111111113151.

113111 Ι vig. 3157. 3171. 6771.
vig. Antoniniana 3171.

113. ii 111. 3180. 35011106. 503511

6753. 6775. θ

113111111. 3100. 3111. 5156. 3719.

mmmmm.

lirin. 3571. 0707. 0701.
11111111 3111. 6791.

11111111
311111111
1 3111111
311101111111
3. 1111137110.
3. 11311111.
3. 11131111

1113. 3171.
111111113157. 3171. 0771.
111111111
beneficiarius 11111.

3. 113 11111.

3. 1113111
1111111111111 1113111
1111111111
1111111111
11111111 1111111111
immunis
11111
11111 111111111111
11111111111 31111111111111111.
11111111111111
1111111 .

1. 1113111
1131111111 1
11111111111
111111111
11111111111
1111111111
111111.

1113. 3563. 6753.

11111111 1106. nonii* 3775.
11111 3160.

111111111111311. ¹

1111111111 iiii.

1113. 3100. 3111. 31530711.
1113. 71.

6617.

6731.

1111111111
opilo

buccinator 1111111111111 o. 1111111

11111 nnmerum)

11111

1. 11111.
11111111111
1111111111111

1137111. 311111.
3111. 3571. 0707.

⁶79¹·⁶⁷⁹⁸·⁶⁸¹⁷' 1. 1113111

1 commentariis 11111.

1111111111111 11111.
- 1. 11311111.
1. 1113111
1111111111

1111111111 beneficiarius

11111111 1113111
3111111111
1111111111
i 113111111
i i. 11311111.
Ι· IIIbIIIII

1. 311111111

1. 11111111

1. 11111111111

n. 11311111
11111111111 3111111111111

11111.

1 1111111111311 11111.
1111111 1113.
1111111111
1131111111
11111111111

1. 1111111111
11111111111

1. 1111111111
1111111111
1111111

1. 11311111

3171.

eiii.

 

