,173 Χ. COLLEGIA sAcRA, PUBLIGA, PRIVATA.

11111 11111111 111111. 1111111 1131.

1. 1111111111 11911111111111 1117.

111111111111111111111111111 111 1111]-
11111 111111111111111.

11111111 11111111 7111113917.

11 111 11 111111111111111111111111-
11111 1111111111 1118.

’ 11111111111111111111 1111111173.

v 11111111 eumarum Interamnae 1113.
11111111 corporum Lugduufl 111111
1111111111 191. ·

111111111111 1111113111.
111111111111111111111 11111. 11111-
1111 111. 111111111111111010.
111111111 xn 1111. 1111. 11111111.
1111. 1701.
11111111111111 0111111109.
11111111 1111111111 111111117110.
11111111 11111111111111 nmmum
11111111 3171.
1111111111.
8111111 3911. ¹
(1111111111 1111111111111111111111
consistentium 1950.
cultorum 11111 11111 Pisauri 7115.
1111111111111 0111111101.
1111. 111111111111 utque 1111111111.
11111. 7118.
1111. 1111111 1111113811.
1111111 1138.
1111111111 73.
1111. 1011.
1111111 1171.
1111. 1111. 1111. 1. 111. 3311.
1111. 1111. 111111. Auum 30.
1111111111 1111111111 1133.
surr· 111. 3711.

11111111. 1111. 11111111. 11111111.
111111 1151.

1111. 1111. 1111. 1111111111Ρ111111 pmpomuu

namuurum 11111111 3111. 3113.

11111111 1111111111 111111111111111-
11111017.
1111313111 1111111111 11111. 111.

mutuum 1111111111 11 1111111111-
run 1111. 11110.

unguentorum 1111111111 11 11111
011111 1109.

1111111111 111. 1109.

11111111 111111111111111 1111111 1111.

11111111111111111111111111111111111

pumturum prouolutum 0111111101.

11111111 1111111111 11 11111111111
1111111 1115.

11111111 11111111111111 11111111 1111.

11111111 111111111111 11 111111111-
111111111111111111111110111111109.

togatorum 11111111 11 11111111111011.

p. 111111111111111 11111111111111111
11111111. 0111111 1101.

11111111 11111111 1111111 1. 111. mu.

culturum 1111111111 11111111· 7115.
11111111111111 mun. 711111. 1111. 'M-

1111111111 1111. 1111. 111. Apul. 3191.
1111111111 1111. 1111. Aquinus 1138.

1111. 111131111111. 111111111177
. 111111 1111117191.
pr. 11111111. 1111113131.
puer. 11 11111111 11111111 1111111
8111111501.
11111. 1111. 1111. 11 1111111111111·
1111 811111111111111 3133.
11111. 11111111 1111. 1111111. nom

iuvenum 11111111· 1111
Sutrii 3971.
1111111111 1111111111 111111111111
111111 1111111179.
(1. 111111. nummulorum)
1111111 1171.

1111111111111111110111111109. ¹³¹⁸⁸⁸⁶¹ ⁰⁶⁰¹¹¹¹⁵⁸⁰ 1011111111· 10111111·

111111 11111111 11111111111111111111
1111111111 1111.

iuufflm nummorum Fabr. 111.

111111. 11111111. 0111111300·

1111111111111 1111111111111111 1111·
1111111111111111111 0111111. 1051.

1111111111111 11111111111111111111-
wrm 111111111111110111111111

uum 11 Martensium 1101111111
1111111111 11111 11. 1110.
1111111111 numentanorum 1111111
0111111109.
1111. 1111111111. 1811.

111111111. 0111111171.

1111111111) 1111. mmmmm 1111·

111 5317.

1111111111 111111111 11111111 1111111

1317. (11 1111111111 sepulerum
communium 111111 immotum 1111-
1111111111111.)

11111111 nummum 1111 1111111111
119111. .

. 91111111 (11111111 11111111) 1111111111
1111111111 11111111111111191111111· 1813

(1111111111) 2134.
1111111 ms.
11111111 11111111 111111111117113.
q. 111 (11111111 11111111) m 1371.
q. 111 (11111111 11111111.) 111. 1117.

 

