VH. RES 111111188111110111111. iri

1 8188818181 1111181118111110111· 8111181 111. 181. 18811. 1181118111.

11118878.

o. 1 11818 8888.

11. reor. 8888.

11. 81811181 1881181 11881111 8871.

p· [1881118811 1 1 8888.

111 1881111111 11188881818 8881.

11. xx 11811111. 8888. 8837. 8883. 8817.
11 XXV 1111111818 8388.

p. 1181811 11818181 8888.

111. 18818 811118 11881118 11118811.)

18111111, 8118111111 18111111, 8181111811

poium minora.

. A 1111881881 1181. 8887.

1111188811 1173.
Redemptor 18 1111818 8838.
8811818 (1111118111 8888..
11111181 1111188818 8888.
11811188 8888. 8887.
scribor:
111181 888. 8881· 8888. 7118.
111. 1181111818888.
111. 11811111818171. 8178. 8818. 3818.
8811. 8881. 8718. 7178.
111. 111111. our. iiiii: 8888. 8818.
8188. 8888.
1888111 11181181 8888.
888811 811 8877.
111. 118111. rodii. 18181. 1881. 8178.
8888. 8888.
8111111111 1111818818 11811188 1818-
1 {iiim 2252.
118. 1111118118 8111111818 1888111 188-
11111 8885.
8118111111 181181 8111111881 8881.
111. 8118111181 8178. 8811.
111. 1181. 111888111118888.

111. 111111. 3888; 11. 811818 1111111118.

Α 1188111 Augurii 8388.
’1181818181 11118111118818.

11 8111118 111881118888.

1111181111 patrimonii 8888.

1111111811 1111111811 81118111118111 8888.
1111188181 118111111818111 1818.
optio 11811111111881 1111. 1111181811

· ’1188111181 8888. 8888.

1 811. 8831.
11118811 1181111118 8878.
1818181 18811318188. 8878.

’ 111111) 118. 11 181. 8888.

111188. 111111111881 8888.

mororum 118111181881 8388.
8811818111 1 111181188111181811 8818.
011. 1118818111818111 iiiiii:

1 pririmouio 8381.

11118811 1118188811 cursurum 8888.
88881111118111 (1111111818 8811.
188111118111111 8871.

pror. Hirpouiro uiiorio'rir 3888.
18811181 regui Norici 8818.
rurururruru 1111811881 8887.

11111 Tiberio 3818.

1818118181818 8817.

1111111888 1111111818188888.
rirrorum 881111811118111 18 1111118
vigesimo 8818811111881 8818.

1111811111 1188111181 18 11111881 xx
81118. 8888.
81. officio munioipoir'u minora 11
811118 priuato.

111. 1818. 1118188811118811818888. 111188 8838.

.111. 8811881181 1188. 1818. 8818.
8888. 8811.
ww ourrotorii 81 1888111 murti

111. 8811881181 dr 1111 11111111 8788.
111 urimur 3818. 888888. 8881.
111 1118818881811881181 8888.
111 primur 8117118.
118. 118. 181111811811118188118111188
8813. 8888. 8888.
118. 18 1111118111 1111811 11.
111. (1881 1188111111 3188.
1111111181 118. 11 11118111111811111-
8811881 111881 urinum 11818111
iuniorum 1111111818 8881.
scriotor 1781. 8878. 8878 (8111111181,
rrum 11111881 pubiicum 111).

florinorfflroeiigriir 1111111 111811111818

18111 8111111811 11811111118338.8388.
8111118118 111 1188111811 3381.

11118111818111 1888.

1111. 1181118811) 1818.

181 8881.
11118111 8818111111881 11 181. 11 or· ,
11111181 3888.
188181111111 ornei. 8888. 8873.
88881. 811. 181. 11111. 3187.
81111111 1881811111 1111811181 8187.
8118111111 81181111 111181111 1118111111
181. 8881.
818 8111811 1111811118 1111811118 188·
18111181 1878.
decuriam 8111811181 188181181181111·
1111 8878.
8118111 1111118111 111181881 8187.
111181 111111 piebis 1881. 8888.
11188811181881. 3888. 8888.
1118. 111. 8881.
18188111181 81181111 18118111 8881.
111181 8811881181 7118.
181111811811811111183118.8818.
18 1111118 8118181 3888. 8881.
111181111111. 111111111. 8888.
111181 1181111181 8888.

 

