ΠΙ. nn. nm. MYTHOLOGICA 0111118..

G. 111111111118788.
8. 11111111 111111111111 1710= 7187.
8. ,4319ιέ11111 1111111111 1111 1118111111

8.11111111 11111111111111118118 (1).
8. 11111111 peregrinorum 178.

8. 118111111111111111 8818.
811111111111.8118111111181111.
G. 11111111 1111111111 1111111111

180811.

G. 11111111711111111811. 1888.

G. 11111111 7111111111 8188.

G. 811111118881.

81111111 1885.

G. 11111111 1111111111 1711.

8. 1111111111 711111111111880.

G. 1111111111115780.

81111 locorum 1111811111111111

a„

111111111111 1878.
1111111 1801. 8885. 8851. 8818. 8881.-
1111 11111111111111111111111 1878.
fl. 81111111877. 8858.
11111 8881.
11. 1111 111111 5888.
1111111111808.
111111111111.11,1881 1811181111.
15881188158811811558. 1817.
115811.1580.1188.1188.1818.
1788. 1888 1880 8178. 88088878
8888 ro 8888. 8887. 8888. 8888.
8885. 8000. 8078. 8888. 8871.
11801. 1780. 5788. 8088. 81175.
8077. 8181. 8788. 8808. 7880. 7818.
Dour 11. 781. 1580.
81111 11. (1) 1188.
8111 11. 811111111111 8018.
811 111111 1111111111 1111111111 1188.

G. 1111 875. 888. 1500. 1850. 1701. 1588

1788. 1778. 1888. 1880. 8080. 8180.
1881. 10811878. 1788. 18881808.
8508. 8718. 8778.

Dour torretur 1111111111875.

· G. 1181 1887.

G. 1111 1111118811.

G. 11111 1111 8888.

8. 1111111111 7111111111 11111 1111

1888 - 8818.

G. 811111 1111111 1558.

G. 111111 1180.

8. 81111 8888.

G. domur 1718.

8. 811111118111 11111181 1857 ro

8. 1111118888.

8. 1111 11111118087.

G. 1111111111 horreorum 81111111·
. 111185.

8. horreorum 1111111 811111111781.

8. 1111111111 11111111 1718.

8. 111111111111111 181.

8. 1111111811 rr 1111111111 8788.

8. 1111111111 1707.

8. 1111111111 1111111708.

8. 11111111 11111111111 1788.

81111111 1718.

8. 11111 5888.

(1111111111 1887. 5778.

G. 1111111111111 1111115880.

8. 1111111111 1780.

8. 111111111111 5880.
81111 8111. 1888.
811111111,81111111188811111111111.
811111 Auguror 5818.
8111111, 1. Apono.
111111 8005.
1111111811, 1. 11111.
1111111111. 1. 11111111.
11111111, 1. 11111111.
11111111, 1111- 8008.
1111111111, 811 -· 5888.

11. 11 1111111) 1588.

Nomen 11. 111111111111588.

11. 111111111588.

11. 1111111 1111111188.

Η. Aug. 8888. 7000.

11. 111111111788.

11. 1111. 8700.

11. 111111180. 1188.

11. 811111111111111115787. ’

11. 11111 conservator 1188.

Dour 11. 7111111111 11111111111111 11
111111111111111111 1111. 1110.

11.11111111111118811

11.111111111111188.8810.

11.11111111111111111.1811111111
1111111 ,1111111 1111111181.

11111111 1111111. 8111. 11. 111.
1111111111.

11.81111111801.881.1188.··1187
(ΗΡΑΚΔΗΣ marmot).

11. 811111111111111 11111111 8888.

11. 1111811111 1588.

11. 811111115788.

11. 811111 158811.

11. 11111111 1588. 1588. rw. 8818.
8800. 8817. 5888. 11088888. 8785.
7808. 1711. 8111. 1. Aug.

81111111111111. 11111111 1111111111·
11181111111111 1181.

v 11 11111111 1111111111 1811.

11, 11111111 1188.-1111811.
11. 1111811111 8018.

Η. 1111 1111111 1588.

11. 1111111111 8108.

11. 1111111111 8001. om
11. 1111111111 1780.

. 11. 1111111 1588.

11. 11111811 118811.

Η. 111111111111585. 8888.
11. 11111111 1588.

Η· nomm„ m· ¹

 

