30 1111. DEAE MYTHOLOGICA VARIA.

11111ἑ31ἐὲ111171ἳ51.1110.11.11111.87711.

11111111 11 1111118111111111 111111111

111171. 11. 111.
111111 111111 10111 0070.

71. Μ11113 .7111111 (11111111 111111110111)

11111ιῶ11 111111 1007, 5077. 0807.

11.0.11.0111111571755807; 1.
0111111.

1111111111 111111 10111 111171. 11.
11111. 1057.’ 1700. 7700. 7370.
7377. 7378. 7330. 7337. 7353.

7051. 7080. 5771.
M· 0. 11. 1. 71111111 1870.
11. 0. ιιι. 1711115800.
11. d. ιιι. 1. 1111111 111111 1700.
111111111111 001. 1778. 7770. 7771.

11. 11111117085.
11. 111111115081.
11111111111115787.
11. 11111111111117088·
11. 7111111111 5731.
M 71111111117087.
117111111117088.
11. 8111111078.
1111110800.
117111111111117080.
11. 71111111111115781.
11. 7111111 7080. 5081.
11. 7101111111 7078.
M· 711111111115001.

1111111111111, 1. 111111111.
1110111, 1111111111.
1110111 1775. 5808.

11. 1111115807.
11. 0111115810.

1111111111111 711. 71111. 11. 11111. 111111,1.11111111.

1500. 1501. 0787. 8783.
111111 111111 570011.
11111171111, 1. 71111.

1111111 (1111111) 1800. 7080. 7007.
7111 1111111 7070. 7077.
11. 11111111110111 5871.

11. 7111111111111171111711117100.

11. 1111111111 5008.
11. 11111111 7070.

Memnon 517-570.
11111 Κ. 11111. Κ. 71111. n. 11111.

11. 01111111111 187011.
11. 1111077. 1818. 1817.

1111111111 111. 11, ρ. 380. 11. 71111.

11. 11111. 751. 380. 0581. 780.
1705. 18711808. 13771018. 1878.
100010017100. 7500. 8777. 8888.

“ 0000. 5077. 0007. 7137. 71111111.

11. 11311111111111111 1111 111111111 11. 111. 111. 11. 1. 781.

1371911111111111. 1111.

M· 7111111 7780. 5737.

11. 1111111111570311. 0111111111.

11. 0111110111 7078. 5783. 5780.
11. 111. 7111111111 5785.

11. 1111111 5788.

M· 111111117000.

11. 0110111111. 7000.

7111 11. 111111111115000.

11. 711111117007.

11. 0111111171111111 0700.

1111111117070. 7075. 7075. 70770007.

0008.
M. 101115077.
11. 1101111111115781.
1111111111 7081.
11. 11111111117087.

M· 11111111 7077. 1111111 7100.

1111111 5780.
M. 11111111111 5731.
11. 1111111111 5781.
11. 711111111115707.

M. 1111111111 im: 1. 1111111111.

(11.) 1111111111 5830.

11. 11111111 5780.

11. 0111117088. 7080.
11. 01110111 7080. 5737.

11. 1111111111 70801 v· 1111111111,

1111111111.
M· 111111111117087.

11. 111111011110777.

11. lucrum 1111111111 0377.

711111. 111111 antummum 100111.

7111 11. 1305. 1870. 1015. 7805.
0010. 5070. 5807. 5707. 5708.
5000. 0707. 7151.

7111 11111111. 5071.

Numen Aug. 011111. 0080.

11. 1111111 5800.

11. 111111111010.

11. 11111111 1010.

M· 11111. 71111111 5875.

M. Aug. 771. 808. 005. 017. 1010.
7300. 8030. 8883. 3711. 5001.
5008. 5857. 0017.

11. 1111111111111111 1000.

71. 011111, 11111111 1111111111 1111-
11111 1111111 5070.

7111 11. 01111111111111) 5885. 11111·
11111115885.

11. 1111111111010.

11. 1111111111 1000. 5880.

M. 111111111111001.

711111. 7111111111111111111111005.

M· 111111 101011.

11. 01111101115075.

11. 11111 180711.

11. 11111111 1003.

1135111111 11111111 11111111111

11. 1111111 1010.

 

