mm

m

10310 1111 (3111111 5130.

111111111 11111111111033. 303. 1510.
3303. 5315. 0755. 0013.

nummus.

1111. 1111. 5130.
1111111. 11111111510.
1115. mu. 303. 0155.
11111111 3303. 5315.

= 1111111 5131.

11111 1111 011111110013. 3331. 3333.
3300. 3103. 3511. 1001. 5131. 5017.
0151. 0135. 3101. 0113. 01330011.

legio 1111 311111 3031.
01111 1 135. 110.

1111111111311113. 3533. 0015. 0015.

11111 1 Aug. 3100·
11111 10111111 0011.

111111 11111311111 110. 030. 031.
1111...
3110. 3153. 3151. 3330. 3033. 5151.
3100. 0100. 0505. 3001. 3030.

unewanno· 111 1111111111111000.

11111 1 Ulpi 11111 005 sp.
legio 1 0111110310.

011ίῖ 7ζέ 3033. 0353. 0100. 0511. 0151.

1111. 111. 3151. 1135. 0011.

1111. 33113331. 1001. 11101.

11111111 3511. 5011.

11111111 ln 111. 1111 3111. 1111111111
11 111. 11101. 0113.

11111111 3130.

111. 150.

11111. 1111. 135.
,1111 1111. 113. 0015.

1111111111 3533.

11111111 3500.

1111111 1110. 1530. 5151.
= 111111. 1111. 313111.
1111111000.
11111. 003. 1315111. 1150. 3130. 3110.
3050. 3033. 3100. 0100, 3505.
primm. 0030.
11111111110. 3010. 3153.
111. 11111. 111. 1500.

1111111 3033 .-. 0103.
11111. 0511.

princeps 0110.
centurio 0151.

1111111011υά. 111. corr. 111111 3383. 3115.

legio 111111111301. 011. 3313. 3308.
3300. 3513. 5110. 5150. 5503.

mm
11111 1131111111. 1111111 301.
11111 11 01111111 3311.
mmmmmmm

mwwmmm

mmmmm

mmmm
mmmmmm

mmmm

1111111301. 3313. 5110.

1111. mn. 5150. 5500.

111111113101. 3513.

1111111111 11111111111111 111. 1513.

1111111111. 0011. “

1111111 53313150. 0101. 010301003111.

1111. mul. 353. 133. 3153. 3133. 3351.
5131. 5133· 0105.

centurio 110. 5033. 5013. 0533.

1111111111 0131.

1111. 11111111. 3010.

11111 11 1010111111. 1011111111111110033.
Lauso 1113301.·3115.15110. 5013. 1111111111 11111131μ111111111111111103.

0103. 0051.

logio 111 01111111 033. 0005ε3131.
053ξῖ 10039 fflfflmfffflffi:
3111011 p. 1. 3010. 3303. 3115. 3151.
3155. 3553. 33301101. 1005. 0110.

0111011 gemina 11. 1. 1001 tp.

11111111 3391.’

1111111 3300.

11 praet. 3305 a 3131.

praef. 0111.

1111. 3331. 5011 = 0033.

11111111033.ἃ110. 3115. 3513. 0110.
0115. 3353. ,

11111111 100111.

511111111111 3103.

11111111 3553.

1111111111 (1111111111) 3300.

 

