11. 1111111111. ’ 11 ¹

1111111111. 1880. 81111111111 111111111 75111. 75711.
Ι). 1111111111 1111111111111811. 1181.
0111111111111 11111111 1. 1810. 8111111101111111111111 111111 11111111
1111111111 1111111111111 1. 111111· 1187 1111111 8111111 1111).
1111 1881. 81111111 111 81111 1.1.1151; 11. 111-
81111 111111111111111 11111111 111111. 1111111 111 81111.

m. 1111111. 81111111111111111811111111111115511.
11 numerum §ullorum 11111111 171. 5515. 71111.

8111111811111111111118111111111 7111111 1111111111 111118111111871.

11111111005. 0111111111 1170.

Arma 1111111 8. 1111. Τ. 111111118801.
8. 11111111 1151. 1107. 1111. 1111. ,

2244· 2235· 4954, 5003. 54³5. 1. 11111111111111111 1111111.

5117. 5101. 8007. A commentum 1111111111111111111-
full 8111111111 111111111111 1107. 111 8101.

1111111111 8. Ρ. 1111. 1111111 11111111111111118.
Β. Colllnl 560. 2245· 2761. 3131. Α nonno 2918.

1115. 8781. 1001. 11111111 1 111111 1817.

80111111 Tllll 716. 890. 2311. 2316. mutor hnruflpleum lmpffltofl. 3120,

5111. 1171. 1111. 11111111 11 Concordia 1111.

8. ’11111111 1185. l. 11111 01111111111811.
11111111 11111111 (1.1.) 578. 1118. 1,,1111111ρ111131,

1111. 111011. 1151. 1711· 28⁰2· Α. 0111111111850.

1551. Δ. 1111111 11111111. 1101111 Augu·
81111111 V. 118. 1111.” 1111 quod 11111111111111,111111-
1111111111 (111111111111111111 1111, 111 111111111111118. ’

11111111111111 111111111 1118. 1111111111 7111111 (Romul) 1115.
Multa V. V. debetur 111111111 1111 11111111 1 111111 (11111111) 1111.

sepulcrorum 1118. 7110. 111111111111 1111111111 (1111111111) 1175.
V. V. 01111 11111111 517. 1111111111 1111111111 1181.
1111111111111 11111111 (V. 1. 1111) Δ. 111111 1175.

ἓξὲξ. 1111. 1185. 1118. 1117. 811ιῖ1ἱὲ1 (11111111) Augurum 939* (1).
(1111. 1101111111. 11111111 1111111- 8. pontificum 11 0111111111 1111.

1111111111),1111111111111111111111 C. Vllvlrum epulonum 1111.

1111111111 111 111111111 11111111 8111111101111111111111111111111111.

11. 11111111, l. Ι. p. 51.) [11111111111111111111 11111111111.

y. 1111111111 1111111111111111111111- Ηῗῗῐνξεῧῗῇηω ce· u· 934, 2453·
ΝΜ· 1. 1111111111 111111 Romul 1181.
81111111 (11. 1111111. 1111111111) 1151. 111111111181111111 1111111111 111.
1111111111 1185. 1107. 1181. F. Vllrglnum) 111111111111131ς 11.
11. Augustum. 8111111111, 8111111111- 1158.

1111. 8111111. 1111111111 1111111 11111111 1111111111
F. 1111111 158 1111111111 10181 11. 111111111.
F. 111111111111. 1111111 1111111111 1187.

1. 1111111111 1371.’1108. 1057. 1111111111 1111111. Ι
F. 01111111115111. Magum 111111 111. 1111.11111111
11.1111111111157.· (1111 1111111111 1111111111111111 11111111 1158.

11111111 11111111 1111111111) 111111111111111111111111111111111181.
1111111111) 1511 (11111111111111 111111111 lterum 1111111181 (1111111111

11111111 1111111111. 11111111) 1571.

1111111111 1118. 11. 1111111111 1818.

1111 Kal. 11111. 1111. 11111. 11. 11111. 11. 1111111111· llll ¹· 1111111111 111111
numerorum 1178. 1181. 1181. 111111111858.

11111111 1111111111 1181. 1181. 11111111 1111111171.

81111111 1111111111111111 1111111111· 111111111111111111111111111111 1110.

1111111 1118. Pom 11 1111111117.

8111111171111111 11111111, 1. 8111111 &new (qul 1111111111 111111111111)

81111111 (11111111111111111111850. 81111111 1111111111111 1818. 1181.

 

