vn. RES Ρ1Β110111οΜ1Νο111Μ.

1.. 0010101001101 Proculus liuditum

10110001 4531.
1101100101 4870 eo.

801. Pediur 801. 1. 110. 01110101 Luci·
1101 Poiiio 0480.

Q. Petronius 1101101 3775. 5134. 0048.

1.. Petronius 101013480.

1. 0101111100 1. 1. 80101010001 1000100
11011100110011100111 0. 11010101 Poi-
iio 800.

P· Pioiiue 1101000111 3044.

Ρ. 0010000101 001001100013004.

Q. Pomponius liuiur 800.

103

0001010111. 0110001010111 040. 3704.
5175. 0034 001.
10100101101110001010101 1178 001.
10010100101000110111101 1181.
(consolarer equorum, operum, oro·
vicciorum o. 111110.)
Ornamentis 0000010110013130.
010. 0001. 0100101 3157.
0001. 010. 1100010101 3374.

Tribuni 0111110100 0001111011 0111011010

0434. 0435.

Decemviri conruieri irnperio iegibus

scribundis 0433.

0101111010.100100010110000501. 1110100111 rei 00011000 0001111000010

1. Pi. Poriuuriur 11110001 1104.

1.11. 00110000110101 1105. 0017. 0474.

1.. lingoniue i.. 11110. 0110011111 1010101
0010110001 0377 = 0100. 0400.

Q. 11010101 001. 1. Quir. 0001101 11101000
8111010001υο 11001101 Piur1uiiur
Eurycier 1101010000 Pompeius 10100

C· 0011011101 0100001074.

11. 000100001111011111001101000010000
iiegiunui Proeuiue 3781.

0. 00000100 0. 100108010100001110-
00101100 ooioiem 0001100111 0487.

0. 8010100 0. 1101. 1111010111 1100100
0011011170. 1171.

11. 001011101 Q. i. 1101. 1011100111 11011·
0101 0074.

i.. 01110111 010110 1101110110. 0. 10110101
’10101 3057.

(8101010101 1001111101 Burbu, (Senicoio
1100110101 1101 0470.

11. 1101101 0010101 1.. 1. 110. 011101
Pulcher 5054.
11110001 01100101 5005.

P. Tuiiiur Vennonio 1. 8101. 10110 0407.

Ι.. 1010101000100101 10100100013770.

1.. Turrino 8001101101 1100.

1.. ’1010101 Secundo· 11101101 04751
01. 1000.

11. 10101101 110110110ου1 5001.

01. 1010001180.

11. 1011100, 11. 11.... 0101.

0. 0100110101 0.1. 101. 1101101110 0001110·
101 3108.

corronium nominum reciprocatio 3105.
moggum. P. 0. pori conroioiom

01 00111010 1100. 5505 001.

0001010141001101 necuim. 00010101
0101001110000010 10000111 norni-
0011 4370.

111 0001010 01010011031805501001.

0001111 deriguntur 180. ooo: 055. 4111.
4004. 5301 001.

584.’ 504.
10101101540.
l. ii. 541.
1111510.
&morer 530. 541. 550. 550. 553. 505·
500. 1508. 5357. 0443.
000101011 ’11. 011001010001011110.
1.. 1110111111 Ρ. 1. 31331 01. 0005.
1110110001 1111101 ingr. 3050.
11101 000001 Aug. 53. 50.
0. perperene: 0010100001700.
0. deriguntur: Ti. 0101101111 0000.
Aug. 5181.

Prooinror 77. 131 ro. 050. 530. 540.
543. 545. 554. 578. 588. 500. 074.
003. 773. 800. 000. 1100. iiii.-
1170. 1178. 1187. 1188. 10531
1533. 0135. 0151. 0070. 0073. 0074.
0307. 0377εο700. 0701. uiuo.
3114. 31413140. 3143. 3144. 3140.
3108. 3170 op. 3174. 3177. 3184.
3185. 3180. 0380. 3303. 3500. 3001.
3807. 3005. 4005. 4010. 4050. 4004.
5003. 5170. 5100. 5000. 5350. 5354.
0358. 5308. 5400. 5431. 5430. 5447.
5440. 5450. 5458. 5477. 5478. 5470.
5488. 5404. 5000. 0014. 0010. 0000.
0048. 0040. 0050. unii. 0110. 0450.
04501. 0475. 0480114840488.1
0400. 0401. 0400. 0404. 0405. 0407.
04080400. 0501. 0504. 0500. 0704.
0745. 0700. 0830. 0011. 0010.
0015- 0080.

Pr. designetur 011 703. 0058.

Pr. 0001110101 133. 1104. 0040. 3040.
3170. 3058. 3780. 5054. 0000. 0007.
0003. 0470. 0480. 0081. 0507. 7400.

Pr. 00001001011110011011101 0748.

0111 1111001 Aug. 3170.
0111 1101111001 0750.

000010010100010111 10 01001010 0110
01000010 piebis 5448.

Preeior Urbunur 750. 1534. 0084.
0354. 3044. 3150. 3100. 3851.
4034. 0481. 0483. 0010. 0304.

 

