13

9313333313 9313331333 198.

9333333113 3333. 5351. 3933; 3. 53313.

933331133133313 5197.

9333333333, 331. Aug. — 938.
331363ὲὲ 933333311333 3739 = 5537.

333 3. 933333339333 718.
9333333333 (9333333333) 5999.
93333313 593. 53985139. 5331. 5339.
5193. 9395.
9. 13133133 593. 931. irin. 3583. 3715.
3835. 5359. 3191. 38573. 3999.
P. superior 598. 3199. 3183. 3385.
5989. 9931.
9. 3333333 3913.
93333311 9193. 9371. 3317. 3318. teet.
3997. 5318. 5319. 5353. 3899. 3839.

’ 3333333313 3333. eoin. 3313. ento.

93331133333 3333.
93333133133333 331331 5337.
93333113179. 3799. 5538.

933331131 3313333 3799.

331. 13113 933339333333 113.
9331333, 331. 13113 - 519.
9331311333, 313113 5919.

933133 5919.

933131 319. 398. 9989. 5337- 3997.
93311113 3853.

93313131 319.

931331313 1135.

93133131 5113. 5115.
9333113333 promontorium 5159.

rlliee nomeu 5137.

93313113 3839.
93313113, 331. 5999.

93333313 1575.
Peltuinum 3931.

9. 93311313 3933.

93113133133 193. 3513.

3333 9311313311313 3981. 3989.

9393133133 9331131 1853.
Perinthus 3833.

9333313 398.

1333313 9. 93. 3938.

331. 91313 9. Auguste 93.

Perutlni 95. 9531.

93331333 3375.

Petelini 137 33. 3378. 3939.

911331 513.

93133333133 5933.

93333133 1131. 1333131131. m. Aug.

3335.
931133313313 387.
931133 1933.
93111331 3385. 3733.
331. 13113 931113333313 519.
Philippopolin 3839.
93333133 995.
9333313 1131. 93. m. 133. 737. etet.
3919. 3937. 3939.
9333333 titt.

Ι 11.9909111911193.

Picenum 393. 1999. 3113. 3171. 3119.
3173. 31753339. 3939. 3375. 3999.

913333313 3887.

91313333 189.

91333 339. em: 3391. 5191.
331. 913333 933.

333 3. 9133333333 3938.

331331 913331 333.

93333333 89. 5919.

331. 913333. 3133.

331. 13113 Felix P. 81. 3399.

333 3. 9333333313 1931 = 1535.
91333333333 113333. internitente.
9131313 3919. 3913.

9133313331 797.

Pitinum 33333333 toti.

911133133 9333333333 89.

913333113 3895. 5919. ’

91331333333 5193.

91313333 3383.

91331131 9179.

931113 9333133 911. 388. 3939-

Poetorlo 9939. 3599. 3791.

331. 91313 93313313333313 33 93333313

333331333 5983.

9313 7131.

333 3331. 93133313 5559.

331. 9313331333 (1) 3393. .

93133333 5559. 5935.

931133113 355. 5198.

Pompeeionensie 3993.

Pompeii 9539. 9553. 3975. 9137.
331. 9333313 Cornelio 9. 9313.
333 3. 93333313333313 3939.
territorium 9. 5133.

Pompelonenrlr 3131133 3937.

Pompeiopolis 3939.

Pomptinus eger 5333.

933133 Kel. 11311. rn. Aug. 77. 1179.
3358. 3359. 5193. 5539. 5979.
3389. 3383. 3913. 9939.

9. 33 8333 3739.

P. 9313113333919.

P. mediterrooeur 3933.

9. 931333313333 9919.
9333333339. 3191; es. Proeoieru.
933133 (93311333315919.

Portnmle rie 3191.

93133333313313 5939. 3998.

93133113 5185.

931331131 5819.

93333331133 3131133195.

331. 93. 1831. 3915.

3333. 93. 9997.

territorium 93. 3339.

9333333931 3339.

913 9333333333 3139.

Prretorlum 5919.

93331333 mone 3191.

9333333133 5139. 3517.

93333333 mone 3191.

 

