110 vlt. RES PVBLICA ROMANORVM.

Eult'tretegnr 7111111111 3001.

011111111111 1111111111 3103.

11111111, 1111 11 urgent! 1111111111111 11111111111111111111111118101.

111 6507.
1111111111 1111111. Gru. 3311.
11 01111111 363.

11 11111111 111111111111,11111111111111

111111111111 enerventur 6533.

Tribunus 1111111111111 1133-

11111111111 1111111 111111 expedi· tr. et 111111111103.

111111 11 pror. Syrte Potuerunt 5530.

(11. officia 11111111 minora.)
Erurrhue 1111111 5507.
0111111111 111. 111111116117.
1111111111 11 Aegyptum 6036.
111111111111111111111 3653.

1111111111 Gruterum 1111111111.

3150. 1010.
11111111 1111111111 1111111 3171.

11 1111111111 111111 11 1111111111
111. (1.. 0111011111) 111111·

et 11111111 111111111111 3150.
11. tn 11111111111111111110.

(1111 1111111111) 3166.

1111 111111 33.

01111111 111111111 11011111113131 e!-

11111. 1111111111.

0111 51ἐὲ11111111 11 1111111111111111111

vroe operum, ol eurrtoree operum 1111.
0111111111 1111111111 111111111 consulto

111 11111111 111111113013.

mentum et 11 Antoninum 1111. 1111. 0111111111. 111111111111111111111111.

' 1111111111 11 0111111111 11111111

utut.

,σί-

1111111111111111111111101111113101. 4. (ΠΜ, mmm dvorsa mmm,

11111111 11111111111111111111111111111

1111111110. 0. 3105.
111111 1111111111111 0171.
Α 11511111 11 1111111111 1030.
1 11111111 111. 6017.
tortere thymetee 11 Urbe 5530.

uouere Syrtne. 1111111111 1. teget! 111·

rectores 11 111111111 1111111111.
urgueret 1 11111511 0510.
1 tortosonte.
1 11111111 1356.
1111111111 5530.
1111111011 111111111111 0013.

r'r'x 1111111111 1111. erro.

torreretur. 111111. 1111111. 3356.
111111113711. 3100. 5131.

1111111111 6111111 111. 11 01111111
0111111 111 0530.

01111 01111111 3307·

0111 6111111 11 11111111 111. 1111111-
111 1311.

11 111111 1 0111 01111111111310.

111 11111111 3031.

petron. 0111 Aug. Veentrteen 3107.

1111111 1131. 3353. 1001. 6531.

1 petron... 3355.

petroni 3306.

1111111111111111111111111111111111- petrono Ι.. 1111111 01111 ortuo, re·

1111 5178.

eundo, 111111 11111111111113137.

1111111 11 1111111111 tentorum 1 1111 ,11111111 1111111 1300. uteo. 3103.

1111111111 11 regionem 711111111-

· nrm 71101.
1111111111 1103.
11 11111111111 111111110.
praeterimus 3150.
011111 Aug. 6171.
01111 0111113108.
1111111111 11111111 1111111111 3353.
Α 11111111111111111. nn. 1517.

0111111111111111111111111111111101.
Perrenurtor centur 1111111111011111111

0111111111 111111. 011. 3315.
0111111111111111 11111111 3657.
Potuerunt 3673.
Romen 3073.
0111111111111111. tegetur or. nr.
Α 11111111111377.
urrunnun 30. 5510. 551111). 1556.
111 011111 11111111111111 3761.
11111111 remunerationum 1000.
0111111101 1. 1111111111.

3100· 3111. 0100. 3811. 3061.
1353. 6535.
1111111111.

11111111 3103.
11111111 11 1111111510.

11 111111 1111111111 Lugudunenue

1 {effluentem 11111111 onor.

1 111111111133. 3006.

1111111111 1111111 1533.

111111111111 11111 chorus! 1101.
11οθῗιῗῗ111111 11111111 ornamentorum

111111111111 Aug. 1 1111111111113117.

111111111111111 3300. 6031.

111111. 11111111110111111111 ruperto·
111 5370.

11111111. nummorum 1111111111 1307.

11111111. 1111111111111111111111111 1116.

Aequum 1111111 3330.
ugone 11 11111 3101.

 

