1v. Rus SACRAE.

16161. tat. Apta 167.
161. 6116116111 6731.
1666. 16611111.
celon. 1116161. 11616. (16111111 01-
1616116611. 1111611611) 6156.
66111611 5666.
’ 1116611115. 111111). 1616.
Camerini 6116.
6611166161 naua 3663.
6661661166 1363.
66166111616Ῐ11611616666.
611111613066.
Ferentini 5656.
6616 Sempronii 6036.
Geneaae 656. 306.
11116611· 3666.
1161166661 6556.
1611111611 equestre, Nouioduni 653.
16 atae 0111116 3670.
16 11111111 Sequanorum 6016.
6111116· 3606.
661. 611611116111616116556.
1111161 1111161161113066.
Venafri 6517.
Veronae 1666.
1116611 3611.
61. 1611116111 66116611· 5666.
6161166661 (11. 661061611616666.
Cirtae 7016.
6611611· 5336. 5766. 656111).
1161616161.
66161116 Africae 5663.
61161966 ,1111161 0660.
766666 prope Tunetnm 6516.
61. 1111611661 6666111111 pateatne,
·· Namentt (6111 66661611116611 606.
61 quinquennales (11 6115.
61. ner. 666.6166111611.11), 6116611
11116 6156 (t).
6111611111 Deorum:
61. 1111111 ,16661161 1161111116 661 ep.
11661 1667·
161. Anat. 3666 tp.
16611111 6676.
161111 660816.
7166111651.
61. Floralia Teani 16661111.
61. 1611616111 661616616613.
· Viennae 3666.
61. 1111611111 1161166616 1111611166
rt. 6111111111 66611111· 6676.
1111111 Geneatae 657.
61. Romae 111161 3606.

61. 11661111 11 61111. 611111. 61161-

1661, 11611161 6611.’
61. 1115111111 1111111111 ,11116111 6616.
61. 111111111 Cularone 6066.

Neapoli 6106.
61. 1111111 11111111 661016.

66161661 meorum 11161611616161

61. 11111 16111 6116161 3606.
Rusicade 6656.
Troiae 516.

61. Augustarum Palae 6636.

61. euggg. perpetuus 6111116161 (eruut
Septtmtus Sevetue et 6111).

61. 1111611116 61661661 Firmi 6663.
61. 61161616 Augu. Camerini 6176.
61. 1111611116 11 Aug. 1166661166.

61. 1161611,61161. 11661. 11611666
1166161 5665.
61. Augustum 1666111161· 6631.
aaa 613.
1116116756.
Venafri etta.
61. Augustt Aeserniae 6677·
6111115666.
cartennae 5336.
11161116. 161. 6065.
1166166661 366.
Falerii 6111111· 7076.
Interamnae 3770.
t'n 1111116616 5636.
Nouioduni 311. 317. 360.
6616111111 3665.
61. August!- 61116111 ,111111 5666.
61161. 11 6611115666. ,
61601161. perpetuus catanae 5666.

61661. 6111661 111666111111616661.
61. Romae 11161. 16661736.
0111616601. 7176.
6111611111 6150.
6111111111· 6163 = 3605.
61. Caesarie 661611166611111115616.
1116161111 3671.
61. 11111 Aug. 661. 16116111 11 161. 161.
661116616111 516.
6111116716.
11161 161. 3765.
1161613136.
6111111111Ι 6516.
Praeneste 6303. 6361. 6536.
1616161616 3661. 7676.
61. 11111 August! 6. (1.11166615665
61. 11111 Aug. 6116111161 16661161
6661. 766.
6111111611 11611166611161611115667.
Potentiae 6610.
Veronae? 666.
61. Romae et 6111 Aug. 6116111161
Aquini 6670.
61. 01611116111616111 (1111. 1111661111Ι

61. (mum Ceet· 1116661 etta

 

