176 X. COLLEGIA sAcRA, PVBLICA, vaATA.

0101ῧοίο 10 1011001101 10 0001000001

1101101001 4000. 4107.
1101001 4095.
01100101101011001111 (1) Pompam 7191.
1400111011 1011. 01110100. Mediolani
' d. 10110011 10100100 00111110 1100000
1. 1111011. 1001. 8001000011100007199.
1. 001010 000101100 1111. 0011. 1111. 01
100100. 1111101001· 1709.
1. XV! 10 00110010 010111101101010110·
0100 4117.
1. 11111710 00111011 11110010 10001-
11011 11001000111707.
1. 0011011110 1001010 1100000. 00110
1. 0010101001 1101000 7190.
10101111 1-111110110011 9111101 11011·
111οΙ 9100.
1100110111 11101111 0010100 00 000·
10110 001110 1011. 1101. 01 110100.
11111010011709.

1010110110 001011 1100101 971. 970. ’

1190. 7190.
1110110110 negotiator 1011 01100111
1100001111.
910110 10111011 11110. 00001. 1100011 4094.
01111100 10100 1001010 1000011994. 010-
11011110100 10101 0011001001οο 011011
1101110011 11 010001110010 100101-
01111 001100 4109.
’1111100 10110001 Pompeiis 7191.

11000100 11 010010 1010001001

10100 11οο0001011 7199.
100. 01101 10111011 011001 Larum 11
1010010001 1001101 1001111 101001οΙ
911 10110114000111 0. 0001001 9090.
1110010010111011 (100110) 0001001979.
cultorum 9111001 1111101101 779. 9400.
1011111 10000001 Tiburtinorum 0005
01 0011100 00111100 701οο110990.
11111000 00001. Seru. 10001110 1100101

10110011 0000010101101001 1001010101.
00101100 1011011001 0141.
of. 011110 10110 01111010.
111011111οΙοι 1001000001. 1110. 4055.
10111. 1110. 4005.

1010100 0111000111. 4107.
10 000101010 011000 0111000 0010101

100100 1100100 7911.
0. 1101. 1101000 4057. 7911. 7919.
0. 00101000 0001, 00000 00001 110-
000 1010 1000101οΙ 0001 1101100001

1. 00010100 00000100 1101000 7079.

0. 0011. 1001011011 01 1100100110-
000 9417.

1. 10011011 00111100111111. 7199.

1011011101000 0011101 01110 01111
1100010100 7194.

e· 01 00110000 1011. 10111. 010001.
(Castro 1100110111) 0701.

0. 00. 111 0011. 10111. 01000100-
100100 1111100100. 1101101. 1107.

0. 00100 ’11110001 0011. 1101. 11100·
100. 0001 cu. 10100. (11.9.
11111010000011 1709.

1. 00100110 11000. 0110110100 110·
0000 4070.

0. 10111 1000011 cultorum 1010010010
101000 Aug. 1100100 709.

1. 00110100 10010 10101Ιο 001101

0. 10000000 10101110 0000.

010101 10000001 ,11011100 9911·
0919 = 4100.

1. 10000 101000110 0011011109.

1. 10000 1001011 7150.

0. 11 00001001111001 0110100. An·
000111000019110.

1. 0010. 1000000101100. 9001010·
11010 1590· ·

0. 110 00100110 0110001010 1010000-
110101. 0011100. 7194.

1. 100111110001101100010 000110100.
101100. 7195.

1. 11 01110000 10100110 00001. 01-
001101. 1000100110 0000010100-
01010011001 4077.

0. wamiam 1011 0100011 001101

0. 10110011 9110001 1101001 4917.

0. 00110011 91100011010110011100000

’5710Ιο01000010111. 1490.
0. 00110100 1101100 7079.

00111010 10100110 (0000011. 01000101.

10001. 10 11101010 1000111.) 1110
1001100 7007.

¹ 0001010101110100011011100101100001100 001010010οΙ10 0010101001 000000 7190.

Grypffiffllogss 91101οΙ 10111100 Pa·
0

susak! 1101111001 1100000 9500.
· 0010101110000110117190.

mesu 1111.
1100000 0500.

0110110010 00110011 10001 0415.

1101000 9790. 4057. 4517. 5079.
1074 0971. 7199. 7191. 7001.

1011. 00010001100001 114. 4009.

10111. 1111. 1051.
’ 10 100110 XV 001100 0991.
1011. 011100101000011499.

 

