V. IMPERATORES ΕΤ IMPERATORVM FAiiiiLii. 53

11111118111111 11. 715. 1117181 11. iii. 11111111 633.

1111111111. l· ii. 11611 xiii) 1111.
Anii. 11. 8111.
611161 1111111111 11161611 116111111
(1718163511.
1116116111 11111(1.733111111.111111.
6111. m. 8111.
1111 1161111111 111111111111 periculo
liberavit 1111. 1111111111. 1111.
11111111111111111111111 (a. 737) 5353.

11 transmarinis 1111111111 Urbem in·

11111111735111. 1111111. 11. 011.

11111111 1111111111 incius 111 (1. 713)
liiii. 11111. Pr. m. 51111. (iiio.

1111111 1111. 11111111111. Pr. 11. 111.
11111 1111111 1111111111111 (1. 752)
1111. Pr. 111. 6111.

11111111 (1. 111. Chr-i 11. 1111111.
11. 11111. 6115.

111111111111111 11 1111111 6111111
lini. 1111111. 11. Sept.

Divo 11111111 11111 iignum 1611111-
11111 1111111111 1 111111 1111111111 1111.
1111111111 6161111111 11. Ρ1. 1111111.

Scribonia 6111111111 612. 5362.

111. Livius 11111111 Claudianus 11111111

11111 Liviae 1111111111 5365.

,111616 Μ. i*- 1111111111111, 11111111

6111115365.

Livia 61111111 1111111111.

1111113333. 5363.

Livia 1111. 11.

Livii 111111 11111 11111111 613,

L. 1111111 1. 111111611111111111. 611.

1.. Augusti 611 611.

111111 1111111111 3531.

111111 Augusta ii. Pr· 111. 1111. 685.
iiiii. 1328. 29³3. 2337. 7165.

1161111111 1. 11111111 11111 1111111111
iiii-2. 5361.

111111 11111 ,11111111 11111111 11111111.
61111111 11111 1111111111 1. 1111111111
615. 31611.

11111 Aug 11111[1111116611111111111.
1111111111 11 conservatoris 61711.
61111 111111 1111111 1111111111111111-

11161. Caesaris 1111111111 618.

1116111686. 1721.

11111 1111111111 18672116. 331111. 5365.

11111111 111111 1111111111 686. 3531.

0111611611111111111111111 soror. 3356.

61111111113111111111611110111111161211.

1111111111 Ι21155 5371. 5371).. 6361.

111. 1111111615. 5373.

6111111111111111111161111,(1111111111)

11. 111111 616. 5371.

111. 1111. 1111111111. 111111. 5367.
6. ίἱ1ὶ15111111 Poiiionis 1111111111 111111

6. 6111115385. 6836.

6. 61111111111111. 636.

6. 6111111111111 1111111111111111111.
1111111111 11111611 11111111·11111111
1111111111 11111 111111111111111611
111111 11111 111111 613.

6. 6111111111. 1. pontii. 1111111633.
princeps 1111111111 pontifex. 111. 611.
(1. 7531 362.

11111111 111. 61111111111111111111-
111 (a. 7531 631.
cos. (1. 751) 635. 616.

6. 611111 11111111 1. 611111111111·
11111 111. 1111111111611.

61111111 611.

1111111 equestris 11111111 11 116111111
1111111616 11111111 1161111111613.

6111111111 1 Pisanis inhonorem eius
11111111 613.

i. 6111116361.

11611111 Augusti 1. 11111 i. 11111
11111111 1111111111111. 611111. (a.
7551310.

11111 cos. 611, 11111111111111111111
11. 755) 637. 638. 611. 613.

611. 611. (1.7551 610.

11111111 61111111 1111111111111111-
1111111 1111111111 tribuniciae 1111111-
111 XXV 1111111 1111111111161111·
nnius 1111111111111111111 (1.755)

61111111 611.

11111111 1111 1111. 1111111. 11. 11111.

111111 111111111111111111 1161111111
6111111111 1 Pisanis inhonorem 1111
11111111 iii-zs

6. (111 iii 611111 11111 11111. 1. 6779.

,11111111 Caesar (Postumus) 5378.
11111111 iunior.

Nero Claudius Drusus 615.

Nero Claudius ii. i. Drusus 61111.
1111111. 1111. 1111. 5375.

Nero Claudius 11111111 Germanicus
611111 71111Ι

1611111 eius 7119.

11111111 11111 Τ1. 61111611 1111618.

1111111611111 iiiiii: 356711. 3871.
53511. 51137.

6111116111111111111613.61611.111711.
111115353-

11111111111111. 1111. iiiii.

sii. 61 honoribus 1111 moriem ei
1111111611 5381.

nomina 11111111 111111 carminibus
11161161 5381.

 

