xm. 6106161

A P. 9. AAT 166161111111.1111· 911. 1111111111 6791
· 111111161111) 6169. ΒΒ 1111611116 3686.
1.90911111111363711.1111 11111. Β. 916601. 6616. .
19911111111111113151. ‘ 9.(1011861111111111111111113515.ι
A. P. 91111111 popul! 11111111 5666. Β. 608 111111 1606
A 9961111111191111111111111 99.1·’1“ 11116111191111111.

66. 765. 9111111611 1566. 6667. 6866.
161111111113671. “ Β 9.8.11111111111111111111111111111
AQ. Aquincum 959. 963. 6667. 6661.

A. 63. BER. PP 1111111 1111111111111 961169.9111161111111366

Amne 161111 3666.
161Σ, ἰ1169, 1660 aquarius 11111111 9616111650. 3576 1111111111.

96. 608 11116111111111111111111969.
16931169911111111111111111111111 1111166163 111.

96. 608. 6, 8111111. 1111111111 611
1. Οἵ 911. 1366 ’ 111111111111111115763.
10111111111656. 96.1.9691111111111111111113186.
11117 1 11111111116636. 6966111. 916 11111111111113961 111.
· 19196 11111111 6166. 919. 919 9111111111 9111111 196.
199199 1111111111 6363911 (111111111111111111161111111111
1116. 1111111, 1. 1111111111 9665. 1111 1136. 3365. 6316,
1116 1111111111 5696911. 1111 mons 5033.
11169111111111111116351.9.11. 111111 11111111, 1111111111111111..
111111111111111111111116111Β.11. Β. 911716.
111. 9031319 111 9111111111 6551. Β.11ζ1) 9.916569.,
ΑΜ Ῑ’(1191111·11198··)11 P· S· P Β.11.611111111111111116111161, '

11111111.9.11111111111111111111 Β.11.611111111111111111 1111111111 5037

9. 11 Ρ 61111111111111111111111111Ι
19111861111111111160.1111111,11111111161111111.Ι
111111 . 81119119 1111111111 1111111111 9 . 11 . Ρ 1111 11111111 penult 655

569. Β . 91 . 1³: 6 11111 merent! ponendum
11111 69 armorum 1111113676. 1111111111799 ' ’ ”
1111011111,1.111111111111111111611111111111111111.

1316 1111111111 11111 686. 5176111. 9. Ν. 111111 1111 11111111 3863.
131111. 11111111 5005. ⁴ BOS 31111111 3666.

1311111111 1111111111 1111111 1696 111. 9.Ρ11111161111111111111111 3671 111.
18611111111111113016. 9911 1 1 6756. 6191.
1. 8 1 11111111 1569. 9. 911. 911 benenatum 11111116 1111·
1.8.6 11111111116316. 111111 8966. ’
1.8.9.61111111111161111111111116861911. 91111111 6976.

188 mm 111 sumptu 3613. 99. 9111111 1036.

1881616 1979. 91116. 9111111 965.
18111191116016. 6111111111113115. · · ¹
199 111111111 6966. 9.11.Ρ.16111111111111111111111107.·
196111111111111. 1116. 5055. 5660. 5573111. ·
196 Augustus. 1111111, pamm. 98 911161111111 1111111111113671. ··
196 1111111111 passim. 96911, 98911 511161111111111111111111111
196. 916 11111191111111111176. 6791.

1966, 19666 11111111111111111- Β.Ῥ 1111111111111 1111111 3691.Ι

1111. m. 916, 1111111111111111 111111111-
1961.111111111111111111111.1111.

19611, 1966113 1111111111 111111, Β. 9319 111161111111111161111111.11,

Augusti 111111111161. p. 60. ·
1. 9 A S P. 9116111111111111111 99, 996, 8966 9111111111 6191.

111111 11111111 111111116111 7136. 996 81 11111111116111116061.
196989 Augusteum 1656. 9. 9. 9 1111111, 11111, 9111111 6616.
1911 11111111 3635. 6 811111 passim.

91111111 6593. . 6116116600.

9 beneficiarius 3689. 6791. 6111111111111966. ,
A 11116111111116870. 6 1111111111 3696. 6750111.
9111111 (deo) 1937. 6 111111116636.

 

