»18 11. GEOGRAPHIGA.

551. 55551555151515) 8587. 8760. 5581.5557.5588.5565.5558.
551. 8555155551155555515 5888. 6555. 5581. 5506. 5507. 6585. 5867.
551. 1155155 8. 508· 785. 818. 8667. 815511 Agrigentini 5188.

5808. 815115 0. 806 55.
551. 51515 ’1551555 Aug. 1155155 8. 8155115515818. 5881.

881. 878. 8551. 5578. Sigus 5885.

111515 7551555 8. 8885. 815555 6886.

551. 8551551551. Sipontum 5187.

55185515558555155551155555515155880. 551. 815551155 5657.

85555 5. 6758. 815155 rugio 1558 55.
8555155 6586. Sirmium 5858. 7857.

8555155155 8880. 5505. 5185. 551. 515515 8. 8617.

8515151 5855. 1555515. 8155151155 5880.
85155515 551. 5158. 815515 565. 565. 1888. 67885.
8555515 560. 5778. 6581. 6781. 5515515 815515 5888.

Claudia 8. 5581. 815515 8. 8708. 8675.

85555155515 515115 1788. 551. 85511515 815515 55555515 5888.
8551555155 085. 8155155515 515115 1886 = 8855.
8555555115. municipium invium iun· sunum, 551555 noevum 555. nin

5668. 11555 551555555555 8. 5885. 5588.
85550555, municipium 51551555-5868. 555 5551. 8151555155 8555555555
8511111555 5515515 5868. 551551515555555 5565.
8551551555. 551. 511555515 Nonianus. 8515515 5810.

186. s Solicinium 558755.

85555115 6755. 851555155 5185.

senui, 551. 55115 1760. 85155, 815515 ·- 8676. 8077. 8678.

855115551 550 55. 5868. 5865.

85511555 756. 8515555 5150. 5151.
8551815155015555888. · 8555 8878. 7681.

8555155555 5816. · 855555 6858.

855515 ss. 1668. 8555555555,Ι 8551555555 8788.

civim 85555. 8808. 8. 555551 8788.

Seduni 858. , 8515515155555 555 5. 508.

8555155 5885. spoletium 8086· 8855.

85515555 5718. 85515051 88.· 5166. 1168.

85555115 8588. 855515555 51555 5580.

8555511551 8018. 8155155 8588 = 5868.

8555511 (seguini) 585. 81515555 5880.

8555551551 5815. 5817. 5818. 85555 8888. 5758.

Segusini 586. 85555555.. 555 5551. 5551 (1) 5888. .

1555. 8555515515 5680. Sucro 5810.

Segulio 5810. 5880. 8501155555 5155. 8815.

Segustero 5816. 855555 5657.

8511555 785. 551. 15115 Felix (5555155 8. 5158.
855555515555810. , 85555551 186. 867. 1058 55. 8885.
Sentinum 5585. 5858. 8658.

8551551555 106. 8785. 5177. 8555515 8558.

8551555505 87. 85555515 8888 .-. mu„

855155555551 1685. 8555551551 186. 8885.

5555551185. 880. 5618. 5886. 6788. 85151515 67885.
8555155 regio 8558. 5886. Sulcitani 5858.
8555155 5018. Sulmonenses 7171.
85150551776. 855515555555515 5555155, 551 cnm
851155 5515515 8855· 5858.
85515555 5810. 5880. Sunuci 5555.
815515515516788. 855555555551618. 1856. 8508.
815515555 5151155 1851. Surrentini 8758. 5581.
81551115555 8656. 8551555555, 5. 8555555555.
815555555 8788. 0768. 85555 5. Syrus.
8151115 1151. Anii. 55. 8551. 618. 1188. Sutrium 586.

, 8577. 8178. 81858868. 8578. 8718. 8515151 6688.

 

