V. 00111100991111119111101111111111111. 71

1111. 1. 1. 1110. 111. 5191.

0111191111111 1101. 0059.

01111 9. 111. 090·

011111 91111111 1111171191.

11111111 1101.

19. 7111111111. 9111111111111. 095.

P. 11111111 Pontiano 0111111895.

mocon Iulianos 1111.

011111 11111111 099.

01111111 aloinus 0111111.

01. 11011110. 1. V. 0. 900.’

0. 0111111 9111111111 1101111011111
901. 0099.

11111. Coeo. L. 9111111111911111111111.
1111- 0111. L. 9111111111 9111111 9111
91111111 1111111111 5951. 0190.
1111960111- Pontion 9111. 111.
1111. 0111. - 91111111 111. 91111
911101111 11101111 911101111 1111-

0111111 5917.

111. 1110. 11110111111 911101111
mox. 1.1. 959.

9111 91111111 111. 1110. 11110.
91110. 11111111 190. 5077.
91111111 111. 1110. 11110. 91110.
mon. 0191.

911111111110. 11110. 91110. nm.
911191111111111111091111111111.

1111. 9111111 111. 011111111111. 1.
11111.0111.01.11111111.. 91111. 0111
9111110111 1111111111 1111. 0111
911111191110. 101111. 0111011111
’ 11111. 1111111111111 911111) 917.
1111. 0111. L. 9111111111 9111111111.
9111910.
9111111 911111111111 11111111 nont.
1111. 1. 1. 1990.
911111191111111 1111. 59110. 5991.

1116168811. 1111. 11. L. - 91111111

11111.1..- 91111111 111. 0099. 0591.
9111 91111111 1111. 9995.

1.. - 91119111. 11111. 111. 0919.

1111. L. - 911191101111111.91111
91111 0759.

1111. 0111. 1.. 91111111191111111111.

D· n· ΙῙΠΡ. [o. ““
11111. L. ·- 1111. 9119. 1915· 5510.
0.1. 1.. - 0111. 111. 998.

Imp. 0111. 1.. - 91111115500.
1111. L. - 91111110059.

1111. 9110111119111111909.

L- 0111111111. 0079.

111118 90111 Severus 9111 91111 1111.

111. 9100.

0. n. 11111111 11119111111111111-
noun 111. 1919.

0. 1. 91111111 5197.

1111. 9111111111. 9107. 9909. 0195.

111. 91111110779.

1111. 0111. 91111110990.

ltno- 9111111 979.

9111111111. 919. 919.

1.. 9111111111 9111111 5095.·

8111111 0759.

01111 9111111111 911111191111110.
11110. 9111011111. 01111. 11111. 9799.
01111 9111111 1111. 911111111 1111.
0111. 111. 1111111 911111 11111111
911 0111111111. 0500.

011119111 9111111 5109. 5595.
01111 9111111 11111 11111111 911
11111111 111. 0000. ’

01111 91111111101111.; 11. 11111.
Antoninon 1111111111.

Numen 1111111111 9111115591.

11111. 011111 1.. 9111111111 9111111
9110111111 1111111111. 1.1. 1110
111.1111.11111.11(1.199)090.

1111. 1..- 91111111 111. 11 (1. 191)

loon. 0111. 1.. - 91111111111. 9111
111. 11. 1. 1. (11111191ς90111Μ.
111. 1. 11. 1110. 111. 111. 1111. 1111.
ooo 11.1110111111110111111111111
1111111 (1. 195) 909.

9111 91111111 111. 1110. 11110.
1111.11111.1110.111. Γ11 11111911.
11111.111111.1.1.11.195)990.

nmo. Coos. 011101111111111911011·
11111111 9111111111. 0010111111
111111. 011111111111911 111111. 0111
111111111 pronon. 01110111111911-
101111011111 0111 1111111 1111111
L. - 9111 Porum-Lug. *Q
111101. 11. 11. 111.1111.1111.1’111.
111.11.1.1.(1.190)901.

1111. 0111. L. -.911191111111111
1110111111110.1111.1111.1110.111.
1111. 1111. 11Τ11. 111. 11. 1. 1 (1.
1901990.

1110. 11110. 91110111. 1110. 111.
111.1111.ῑ1.111“1’1. 1111111. ...11
(1. 190) 905.

11111. 0111011111. 1111- 9111911
111111 111. 1110. 1110111111 91110.
111111111111111111.1111011111-11111-
1111111111 1110 111. Vl. 11111. ΧΤΙ. 111.
ῙῙ. 11· 9 (1. 190) 5199.
1111111111. 11111. 111. 9111. 11111. Xl.
111.1Τ11(1ο11.11)11ο111.(1.900)

11111. 0111. L- 911191111111111-
1110. 11110. 9111. 111. 11111111.

 

