111. nn. DEAE. MYTHOLOGIGA 011111. 15

0111111111 1718. 1170. 1171. 111 1111 111 111111105.
011111111 Deorum 1111111111 1800. 11111 11111111 1110. 1111.
Concordia 1111111. 1. 11111. 15. 10. 11111 111111111111,
1811. 1811. 1101. 110011. 1111. 0111111111111000. 18001801. 1111111·

1100. 1801. 5781. gum 1100. 18011 1111111111 0111.
c. 111. 11. Pr. 1. 111. 1811. 0101. 11111 011111, 1. 8111811111.
01111111111111. 0111. 11. 1111111 0111 1111111111 1110.

11111111111111111111111111111111 11111 11111111111111111, 1. 1111111111-Ι

111111 1. 1. 11 111.0111.1..11111. 1111111 1111.

0111111111111011111101111111111· 11111 11111111, 1. 01111111.

1111 1. 1. 5815. 0111 111111 0000 = 5708. 0011.

0. Agrigentinorum 151. 11. m. 111111111111.
0.1111111111501. 11111 11111111081. 1180. 1500. 011
0. 1111111111 0111111111 111011111- 111111 1511·

1111111 (ff) 5810. 0111111111111118. ’

0. 11111111 1110111111 1111111111· 11111 111 111 11111111 1111.
rum 1007. Deus 111 1111 1111111111 1111111111 111
0111111111. 111 - 0110. 5080. 1075.

· 0111111111 deorum 1110. 11111 scholarum 5780.

0111111111 111111 durumque 0101. 11111 8111111111 (11 7410- 7117.

0111111111. 0111. m. Aug. 011181111111111 180511.

, 01110101. 011111111111008. 1011.

01111111, 111111 - 1850. 11111111,1111111111088.

0111111 0111 10811 1. 11111. 1111111

011111 11111 185111. , 1111111111. 11.1. 081. 1101. 1510.

011111 1008. 7101. 1157. 5701. 0508. 7000. 1111111111
0. 1111111111, 101111. 1. 11111111. 111. 11, 1. 081.

01111, 111 ·- 1851. 1111111111. 1111. 0111. 1. 1111. 1170.

0111111,1.1111. 1007. 1017. 1110. 1110. 1157.··

011111111085. 1705· 1100. 1170. 1111. 1180.

0111115810. 1100. 1511. 1780. 1701. 1157.

01111101110050. 5511. 5011. 0080. 0111. 0001.

0111111111·- 1111111111) 1117. 0115. 0701. 0811.

01111111. 1111 - 1015. 111111 1111111 0001.

111111 1800. ’ 1). 11111111 11111111111111111
1). 11115810. 111111, 11111111 11111111 1117.

1111111 1011. 5880. 11111111. 1. 111111.

01111111 1051. 1). 1111111 1151·

1111.111111111111585.1580 15871508, 11. 1111111 10. 1101. 5705. 0001.

11111 101111 11011111 1001. 11. 111. 0111111111 5110.

1111 011111111, v· 011111111. 11. 111. silvestrium.

011 01111111, 1. 01111111. 11. 111111111 1115. 1101. 1. 01111101.
011 011 001. 1100. 1708. 11051170. 1). 1111111111. 1. 1111111111 (1) 1101.
5051. 11. 111111111111 1078. ’
luno 11111 11111 0170. 1171. Ι). 011111 1000 = 0500.

111111, 1. 111111. 1). 81111111 1010.
1111 obsequen· 1751. 11111111). 11 1111111 111111 1110·
Det 1111111111 100. 1111 D. 1111111 111111 5700.
011811111111800. 11. 1111115700. “
0118111110101017. 1010. 5801. 5800. 11. Loth. 1150 (1111).
1111111111 1708. 1170. 1171. 11. 11111111 1151.
11111111 1087. 1111111 5880. 11.1111111111151.·
11111111, 1. 01111. 1). 1111111111 1155. 7110.
1111111111 1111 1771. D. n. 11111 115111.
011111111111111111111. · 11111111111150·
81111111 1111 111 001. 1708. 0100. 11. 111111111-111) 1158.
1070. 1071. 5051. 11. 1111111111 1880.
1. 1. 1. 1. 1111111 11111111111111 D· 1111117601·
1111111 1111718. 1170. 0. 1111111 5710.
1111. 1111 d. 1117. 11111111 1111. 0010.
111 1. 111 1. 5001. 11. 1111111 1150·

 

