³0 m, ml. 1811111111110108111811111.
11. 8111111101111 1807. 5188. 5885. 0087. 0080. 8188. 8885.

11. 81111111 88011. 0088.
. 11. 111111111 1088. 811 1. 157. 1871. 1888. 8855.
11. 1111111111581. Numen 1118111880.
11. 11111111517. 1518. 7188. 1811. 1888. 0855.
11. 111111 11111111 8188. 1. 1111111 1888111.
fl· 1111111 11111111 111111 triumph. 1. 111111111111111111 18811
1018 11. 1. 1111111711.
11. 8111111 8008. 8007. 8008. 8008. 1. 111111 1875. 1881.
8010. 8011. 8178. 5857. 1. 1111118111 1881.
11. 1111111111 1558. 8105. l. 1111111111 1878. 1811.
11. 815111. 1111. 1551. Ι. 8111118035. 5888. 8588.
11. 7101181111 111111115810. 1. 011111115888.
11. 111115781.Ι · l· 01111 - 1881.
811181811111.Τ11111111111111551.· 1. 8111 8510.
11.111111588.1858·(1). 8081. 8781.ι 1. 111111 1878.
8888 = 8188. 7118. 1. 111111 5077. 5185. 5881. 5850.
1111111 1111111 111111111111111555. 811111 111111 (1111) 0088.
11. V. V. S 11111111 1111111 1111111 Ι.1111111111881.” 188111. 818111.
11111111 1111111111 111111111111111 1. 111111111111878.
1111 111111) 8881. 1. 1111111 5858.
11111111 1888. Domina Ι. 1111111 5888.
1111111 1855. 1. 111, 1111 11 1111111871.
1111111111 11111111 808811. 1111 111811111111111 1888.
1111111111 1807. , 1111 517. 788. 1178. 1878. 1878.
11111111111115818. 181811. 1888. 8118. 8700. 8010.
11118111 8011. 8131. 81811. 8118. 7118. - 111111
11111111118111111111518. 1818. 5880. m. 111111. 111. 11, p. 880.
11. 1111111111. XXI! 11. p. 1. 5788. 1. 8111111 1888.
11. 111111111708. 1. 811111 188811.
11. 111111111 1111111111 8081. 1. 11111111 1880.
11. 11111 181511. 1. 1111111111 1881.
1111111111 1810.“ 1. 81111 1808. 511581 1. l. 011111.
1111111111, 1. 81111. 1. 8111111 1811.
11111111,1. 011111. 1. 81111118118.
111111111118800. 1. 11111, 1. 11111.
111111 110. 1887. 1578. 1578. 1578. 111111111111888188811.
1580. 1788. 1707 55081. 8117. 1811111871.1881.1885.·188811.
8515. 8088. 7100. 11111018. 1887. 1888. 8118. 8888.
11. Aug. 8188. 1. 8111111 1111. 8111181111. m. 111111.
11111111111151118111111111111111111 l. 1111111111111 1888.
1581. 1. 1111 8111111111 1885.
11111111, 8111 - 8801, 111. 8. 1. 81111111 8111111 1800.·
111111111. 8111. 11. 111. 1818· 1. 1111181 1881.·
Ι. 11111881. 1588. 1788. 8870. 111111811111111111111111111180111.
1. 11. 811. 1581. 5788. 1. Populum 5880. 5881. 0808.
1. 81111111. 188511. 1. 811111111111111 utrorum 11111-
1111111111 Aug. 5078. · 1111118108.
18111, 1. 1111118111] 111111. 1. Pronuba 1808.·
18111111805111. 8111111. 1. 011111 1801. 1805·11. 1. 01111.
11111, 1111111111, 71111. l. 1111111 88. 888. 885. 817. 1018.
11111 1111111 5888. 1818. 1878. 1877188018071815.
11111111 11 Lm· 58881. 8185. 8888. 8515. 8887. 1877. 1878.
118111111111111, 11811118111111111 8111 58115818. 5818. 5871. 5055. 8811.
11811111 811111· 1111115815. l. 811111811111111800.
1111111111, 8111- 8015. , 1. 111111815.
11111111,1.11115111. ’ 1111111111111111111150581.
lou 1888. , 11111111 81111111 1808.
11111878. 1878. 1888. 8085. 8805. 8808. l. 8. 111. 11. (11111111111111111111111)
8815. 8818. 8885. 81088710. 8785.. 1808. 8508. 8881. 1011.

 

