111

vn. RES PVBLICA ROMANORVM.

1611616611166116661166166 6161166111 166611 1166116166 pr. 61. 66 6611111

166. 11111 166. 611.

accipiendos:

110111110101111111111111118116116116 1661161 imo. 1161166 ’1161161 61611111

1666161 6666661161).
16661116661166661 quin quinquo 1611-

166. 6611616161 016161 16 666161
accipiundo· 301.

iiim 11111101 0111011101. 0101111- 1661161666 6166166601111111161616·

bouiur otium:
Quioqooinoooiio ³³5¹. 6500.

1166116 1661661616 66616661 1161-
6166661616 3650.

1111110101 110 110110 1010111110111111· 01661611661616116661666616116666116-

1661 130

661661 6661. 1616161111 6510.

0161661161616116616601111116111666116. Les, ⁴¹¹ss- eemum mmmmm 666.

11 1111111 166616. 100.
(61. 6611166166 61 procuratores.)

. 6. 116111 proconsulum.
166. 61. 61. 6661. 1111666 0160. 3650.

1616166 6116116111 3011.

166166. 61. 61. 16 666166 6111166116

1666666661 1013.

116. 6611.16616.·61 611661. 61 616661.

6161166166 111166666111 0153.

⁴⁹⁰⁴· 5¹⁷²· ⁶⁰⁰7· ⁰⁰⁵¹· ⁰⁹¹¹· 111116) 666161166161666616110611616

11001.

166. 6116166161 61611661161161616 inno.
6661. 166. 113.

166. 6661. 111. 1111611161113.

166. 11611661 Gemini 616661.16111161

66111161 166. 11 eodem 1666616166. 66611161 6161166116 1111616116 6

61. 61. 6111116661. 1. 5150.
66161166 6166161161 011101611161 61
oodoni 16166616 1661161 6161. 1111616

ξῖξΙθΙΙ... 1111666661 61 vardulorum

116616 61666166 6666161611
166166. 61. 61. 66611161 6161166116

16666666111 6010.
116116·

111 3651.

66611161 616116611116666666111, 11616

1666661 3651.

6166666661 611161616166111 procon- mm mmm „M mmm, mm·

16111 611111161 6100.

166. 6161. 111. 61666611161616161666-
11616 6010.

16643161. 111.1661ο6111116666166111

166. 6661. 111. oodoni 11616616 1166
61666616116 3011.

166. nr. 61. 6661. 11116100. 1161. 1111.
0161. 3151. 3103. 365010616001.
6151. 0161. 6503.

611111 161 666661. 11116 0500.

166. 6161. 16116116 3113 3111. 3011 (i).
5100. 6151. 6010.

11611161 Gemini 166661161 616661. 16
166111 6103.

166. 61. 61. 6161. 01611666 3110. 3006.

166. 61. 61. 6161. 616116 61 6116611661

16631191616611 616661 (6111116 61111-
61616) 5360.

166. 66666666111 6111116 116616161616

1661611161. 6661. 11166666116 3650.

notissimum 6111116161, romum 111
provinciis norbani:

1111661 66661 06661661 1 66611561
66616166611 0011. ·
6661661 661116 provincio 6111111661·

1161616015·

61611161 0611166666 16111666611661

(66611161) 666 611116161111111111 61
616116611 111166 6016.

66611166 6111616 Romanorum 66166116
116111666111 quon 611 16 0111166111
6661166661 000.

666166 611111111 1161661616 16666111.

6611111611616116 1616116111 6010.

16661116661166116 61. 61. 6611661616

61 1611111611

16 . 166. 6. 616616611111616161616

1113.

166. 166. 66 661116666616 6111661 1111116

nien.

11011· 01·0101·1111001011131791188· 166. 0111 01661161 11116611, 15616111,

166. 6161. 01611116 3160165561. 5601.
6. 1666111 1666116661. 6661161161 Q.

6111161 16611611, 6616666111, 116616161-

torio 6166111616 111. 6166161· 1611161
166. 1111666116 61166161115110.

0111611, 1166116 1116111116 6100.

166. 011101611161 16 16116661611111-

11661 061116 66166611 61031 os.
1661116 syrino 6101.

116. 61661. 6161. Ponti 61 0111166116,

666161111 661611616 16 6116 provio·

66111 prouinciae 6161111161 6661616611 61161 6116116166 16 imo. 6661.

[uiuo 11111 6611116611 nou:
166. 66. 61. 6161. 11661116 5110.

116111 Troiano 166. Germ. 016.
1611161 1111.

 

