170 Χ. COLLEGIA 810111,01111.101, PRIVATA.

001010 diluculum olccrlocum 001000 collegium 1101010111 ilgu. Romeucuelum

4070. 0000010 300οε4080.

1011011111 0. 00010011100. collegium 1001111 0100010011101011111-
00110101 100101 1111111101 1101101110 101. 01101· 80.

Tibure 1000. ’ Brixiae 4800. 7001.
collegium 11011001010101001180111 4070. Mediolani 1700. 4137.
collegium 1001010 1111001101011) 3084. (1100100001110 Piceno) 7001.

0001001. 3000181000501010. (001110 irmioni) 3701.

Aquileiae 3780. 4081. 4080. 0001000100 4133.

1001001330111). 4138. 80100001 4400.

Arimini 4080. 0008. sorr. 000. 3700,

0110100 3010. 3000. 4004. , 001101111101011010001100001010101010
collegium 1101001. 0010. 01 8.(1. 00110 10111 0177115113.

11001 0001010707. lullae Comitio 7108.

0011011001 1101001 0001111000 1111111111 111. 0010. 0010. 7018.
5117. 10001 1110. 0011011 100110000101011
collegium 1101011 Cremonae 4000. 1100100 4100.
0111011001οω 73, collegio 1001. 0011. 101110000101111001·
Elui-i 7145. gomi 3340.
Faleriis 3088. 10111100 3084.
1101111000 4050. 00110110 1001. 0011.10111.0100001001
1110. 4054. Arimini 3177.
010. 0001. com. 7018. 00110111 1001. 00110011. 01011101. Aeoli
Luguduni 7007. 0054.
001001113700. 7177. collegium 110011101οω 00010035.
Perusiae 3430. 001000 101111110 00011110 1100110111111
Pleuurl 0075. 4000. 0011010111 1101000 0850.
00000000 707. 3004.ἡ 0011011001111011110’000110001000100070.
8010000 500. collegium leuticiorum liumoe 4000.
8001110101000013433. 5085. 7071. 0011011001 1111011011 0001001011 0008.
7100. 0100110 louieuoium Veillcli 4130.

7010011400000. 00110101 00110010 0100101100 riom
Tihuiilum 3350. 1754.
Veronae 4003. 0011101 00110001000 1101001100 colii.
l. 100. 4043. 00110110 110000111101001 101. 0111 101.
10 1111100010 1338. 01 Xlll gem. 4000.

001001 1101001 0110110111 0100011110, 001111001 collegii 0011101100400.

qulbus ex 8. C. 00110 11001 3140. 10110001 Pompeiis 3001.
0010001001οω 01110010001101110107100. Suoieiii ⁴⁰91·
collegium 1. u. Picuuueuelum 4081. 0011001011 1011010111 0010111100 4050.

11011 0110101 1101100010 3140. collegium lumeiorum Tureuii 504400.
collegium labrum 0011011001 0011111101 cimitirium 10001 Veiiieul iii 1101110

qul 0011111001 10 10010 100 1001110 1773.

101. 0011100100. 1100004085. collegium 0110101010 10 1100107000.
collegium 1101001 lleihoueuilum 7015. 00110100 genii 1011011111 0010100 0771.
collegium 1101001 1110011101001 11000 collegium 11111 1011110110 0111014087.

Fue. 0155. collegium genii 0101110110 1101000110
1100111111. 0010. 1101010100 7031. 0000110110 800011001087.

coruus 1101001 1110011101011 10 00100110 0000111100 geruli liuciae 874. 070. 4100.
1. 1. Lugduni 0001101. 7000. collegium greiiieriorum lucureioium llo·
collegium 1001011 1110011. 011100 800. 01004007.

3017. 4007. 050017οθ0. 01011011 0011100111) 0110011 4000.
10001 1110011100 0001004184. 001001 110110001110001001 00100111 0303.
11011 111001111 qul 1010 0010110101001 (001001001οο lucie, 0011100110 00100·

0001111001 5010. 111 1101100011110010110011010000.)
collegium 1101001 1111011101001, quibui collegium [10100111 00100100 7313.

01 8. C. 00110 0100100001 011 Te· Giiiweig 10011100 0070.

100100 0745. 00110100 101 00100111, 1101101 iuuenum
collegium 1101. 1110011. 7010011011 4088. 1100000011 0414.

i. 100. 00. 3301511035. ci. 1000000.

 

