999

omnnem 11111.

1111111 concubina 94931

91111 91119194. 31119 911.

CVR 91111919 899 911.

CVR 9111111 passim.

9111 9111111911. ,

11111 :AG 9111991 nuens 91149.
(11191911 9911199911191191 4991.
(1196111319.

CVR . lvv curator iuvenum 9919.
CVR-KAL curator kalendarii 9391.

4491 991.
9911 . P . 1³ 1999191 9991111191 1111111999

9919 991.
CVR. 11. P 9919191 111 putum 19911

. 9119 911.

⁵ 91911111 91111199 11119111 591

(1.1’.81111191191 5935.

&vm υ um· ·

(1111 1191191199 (119191. 9319 999 ¹
D 9111111111 99911199.

θ’ “ww ⁴⁸⁸⁴

O 9999994991).

9.9 munau· 1111911111, 99991919 91. 3999.
119911 991919999191 9994.

9 91991111 3994.

9 99919191 1959.

9 9991111-1511 991.

9 919999191191.

9 decuriones 99491 99911911 911.

9919194119.

9919111111 9991.

9 919111 1914.

9 919 4951. · “

9, 9 9111 194. 1354 991.

9 911111 1449.

9 9911911991 9594.

9 9119994911. 9151. 4499.

9.9.11.9.11.111 9914.

9.9.9’.1.91111·9591. ’

9.9 99911111 91191119, 91111191 9939.
5913 991. ·

9111. 9991999991 9191111191911

919999991191999919111199119111999.

9.(1. s 99 19919119191911 1911199111
9459. 9459.

messe. 91 99119119191111919199111

·² Δ91111911191941

9. 9. 9991119 4191919111 mm.

99 9111111919.

9.9 9111 9119111 9199.

9 9 domin! 9119 pamm.

9.9. domun 9111111199 1199111111.

9.9 donum. 99111 999111 1119191111 91.
4999 991.

9991111 9991191 ’9999 991.

999 9191111 919191911999 9911

9.9.9.Α91. 9991919 99111111999199·
911111 191991914199. 1111. ’

11111. nom.

9. 9. 9.9). 11111911 9991191 1911999911.

9911111111. m· m 1111 9991111 991111 ι
1111111 1119. 1191.

9 9 E 9119 91191111 9919 Ι11191.

9. 9 .11. c demetov decurionum 111
9999191111115999. 1

9.9.1..11 9999 99911 11119111 1191119

99. 1111 99111191 991111 duo 9911191.
9. 9 . 91119111 9999119199 punina
999. 3119
9. 9 . 9.9 91919119991111999111 ponunt·
9911111111.1111.9111.9111111.;
in 9199991999· ,1111991111 99911191-
’ quam 111 wemma proconsuli· 991
9199119119 5995. 11349. 5499. 95992
9.9.9 99 9919999911 1911199111 9999.

9.9.9.11.-1191 decurionum 1991911111
1191999991 11119111 9941.

9199919191 9999119919 1991111119
9111119999· 91119911 9199.

9119 99919911 9199.

91111 99911191 5999.

· 111111 11991911 1941 111.

9911 99919111114199 991.
91111 91911119 panim.

· 9911. m. 91911119 99199119 Agrippu-

999111 1199.
91111.1199.111.911 9999119 9991911111
91 1111919111 3191.
91111. Mc decurionum 9991119 9911191.
91111 ..[9ξῦ ‚V 9991119999111191119119
911 gffil. . 91111 99 99919111 9911911111
91111.9 decurionum 1991111111 3119
9119 . Vm* 9999919 vinorum 4919.
9119 aeconomum.
911101 99191111991119919) 3999 991.
91111911 9999199991111 9939 991.
9119 9199111111 499. ’
911 111111. 91 9191199 4317.

· 111.911.11.1.1.11.’11911119ι

99119111 dolorem 1999911 11111 9111·
1919 4911.
9111999 91 191491.
9119 9111111199 pamm.
911 9. P 99 1111 99911919 1947 911.
99 9.9. 9919111191 19919191 1991911.
91191 99111111113959991.
9.9.9.1.111 4419.
9. 1. 9199999191111911 99111199 1911.
91111191 9191111111191 99111191 19111111·
uque 1993 919.
91111 91911191119. 1445.
9 . 111 9. 9151.
M. 11 999 1991919 11119119 495 911.
9.111. 999 1111919 9159. ·
9.91191119199199 ’11111111 1991.

 

