vm. RES MILITARIS.

0. 00001111 17100001.

00001111 01010113401.
00001111 0101011 X, 11, 111110.
00001101 11101011 1, ΧΗ, xlv 3421.

000. Ι 010101 5030 30770. ξ
010. 1101101011οι 3407.

1110. 03. 3402.

11110101 1110001 3402.’

11011101 000. 010100.

000100111101 11101101 100.

0010100111101 11101101 1011.

0101 0011101100.

00110 1010111 1011.

optio 1101111 100.

011110 110011111 100.

00110 1111100101111 1011.

1 00111110010111 1101111011100100171·
rum 01111. 111011 100.

1100101 1011.

11001101 1011.

1101011111 100.

101111111οε 1011. -

01010110 000. 010. 0353.

1110. 3407.

01010110 5030 = 0770.

(000. vm 1110. corr. 010. 3111 1110. 3445.)

000. X 1110. 332. 034. 2705. 3444.
3477. 3434. 3574.

000. xl [110. 74. 3070. 3100. 3410.
0775. 0770.

000, KH 010. 2220. 2723. 3405. 3457.
3433. 3550. 0221. 0037. 0000.
0707. 0770. 0020.

1110. 00101101 1731.

000. xm 010101 713. 3445. 3433.

000. xml 010. 2030. 3400. 3444. 3510.
3303. 4473. 5450. 0707. 0771. 0333.

0. 00001101 0101111111.

7111111. 0. 0101111101. 1110111011, 1110.
vio. 001.

1110. 3574.

01010110 3444.

1110. 74. 3100. 0770.
00010110 0775.

1110. 2220. 0707.

01010110 3457.

011110 11100111 1731.
11101111 3550.
11010111111110. 0221. 0303.
1110. 3445. 3500.

01010110 3445.

01111001 01111001110303.
00110 11100111 0000.
11101111 3433.

0101111111 3403.

1110. 3444. 5450. 0333.
00010110 2230. 0707. 0771.
11111101 1110001 3510.
11101111 4473.

01111. 110.“ 001. 1030. 1114. 141111.
1310. 2700· 3100. 3450. 3471.
5355. 0510. 0752. 0753. 0754.
0731. 0047. 7170.

10011111. 3430. 0510. 0702. 0753. 0701.

1110000111111011 0752.

00010110 0752.

10111101 0752.

010100111101 111101. 1011.

11 001010011110111111.,0111011010 00101001
lmp- 3101. 0010010111 Aug· Plus ρ.
μ. 0101110111110111110 1110113450.

11001011011110 111101. 0753. 7170.

1101111011. d. 0752. “

00110 000101111 0752.

11110111101 010101111 100.

1111011101 010101111 100.

 

