116

1111111111111111111 1111. lininio. 11
1111111 6111111111, 111 rino 1111111.
1111. (iorni. ini. 5566.

3111. 111. 111 1111111111111111113117.

31111111111111111111663, 3176. 6533.

3111. 111111111113166.

11111111 regionis Ariminensium 6513.

111111. 111111. 111 lininio. 11 1111
6111111111 5536. 6333.

111. 1111. 1111. 111111111111 61111-
1111111 6333.

1111 111111. 111 3111111111 113111-

nnrn 6336.
111. 111111. 11111111111316.
Procuratores 11111111111111
3111. 1111111661.
1111111 11111111111111 3333.
1111111 111111111111111131111111111
1111 111111 3666.
1111111 61111111111131561 11. 63331.
1111111 11111111111111 3331. 5616.-.

111111111 1111111 3661.

1111. 1111111, iiii 1111 1111111115536.

Armenion 11111111 6317. ,

1111. 111115536. 6331 6336.

pror. 11111, quom 11111111111111111
111111111111 11111111111111113656.

11111111 11 1111111111 3571.

1111. 1111111 ’3111111 cror- 111. 61111.

311111 1111111 1111111. 1111111 Gri-

1111111 5313.

1111. 61111111165. 6533.

311111111111111116111111111111 3571.

1111. 61111111, 6111111111 1111111111,
6111111111 1111111111, 11111111 173.

1111. 3111111111, 31111. 311111111111
1111 patrimonii, 111111111111111-
1111 5536.

1111. Britanniae 3333. 6761. 6336.

regionis 6111111111 3576.

1111. 61111111111 5616116336.

1111111 crriirrgininnrir 6335.

1111. 61111111 165.

1111. Cypri 6337.

1111111 111111111 3666.

111 1111111111 111111111, 11111111 (ii,
1111111111 6336.

1111. 6111111111 3153.

1111111111111 11111111 1111111111 1111-
11111111 516.

VII. 1151131111 ROMANORVM.

1111. Lugdunensis 6616.

6111111111 111. 165.

1111. 61111. 111. 165.

1111111111 1111111111 1111111111 111·
1111111111 1 6111111111111111111
tinio 6331.

1111. 1111111111113651.

1111. 1111111111 111. onii!

1111111111 111. 111111111111 11611-
11111111 3331.

1111. 1111111111 1111111111 31111111

1111. 311111113576. 6531.

1111111111 11 11 11111111 1111111111.
111. 11111. 11111111. 11111. 361711.

11 111111 311111 6533,

1111. 3111111111165. 6767.

1111. 111111111111111111111 3661.

1111. 11111111116111.

1111. 111111111111 611111111111 135.

11(ξί15171ο 1111. 1111111111113111111111

1111111111611 6336.

1111. Myrino 1111111111 3661.

1111. 611111111115156.

nonni Norici 3571.

Ti. cinnnii 6111. 111. (iorni. 11111·
1111 6333.

111 6111111111 6331.

1111. 311111111111. 6333.

1111111111 111. 311 1111. 311.
111. 3635.

1111. 11111111 165.

11111111. 1111. 11111111 11 31111111.
11 711111311111. 163.

6111111115131. 5135. 5511.

11 1111111 1111. 61111111171. 5136.”

proni. 1111. 6111111111333. 6316.

1111. 611111116531.

1111. 1111111111111111 5536.

11111133111111111 6331 1111111111
1111 .

*rr—u

Prnonrrinr 11111111111111 3111111111,

31111, 311111111111 5536.

3111ὸ61191111111161111111111111116616.

3111. 1. 131. 11111116111111111111111

311 1111. 111. 1111. 111111111 liniri
117111111111111. 11111111. 3353.

1111111111111111111611111111111111- Pron. 11111111 1111111111 1111111111

rium 11111111 imno. 11111111. 11.
Ana· 6311.
111ἒὲ86111111 (nquit. 1111. linig.)

Pron. 1 11111111113331. 3571.
3111. 11111111 611111116631.
3111. 11 11111111.

1111. 6111111111111. 1111111111. 6333. 3111. 1111111161111111. 6317.
1111.111111111111111111111113331. 3111. 11111 11111111 3111111111 6531.

5536. nnis. 6333.
1111. Lugudunensis 1111111111111,
11111 11111111 3611.

11111111 11111111 inin. 6111111111·

11111 363711.

3111. 11111111 1111111 1111116116 6513.

 

