101 vn. RES PVBLICA uomuouvlu.

6111111 11111 11111111111111111 5160.
61ὲ5131ἳ16. 11111 11111111111111111

(Pr.) 1111111111111 11 1111111111
111 611116166.
61ὲ4115111111116666. 6760. 6167.

61. 111. 1116161111611. 6601.

6111111 1111111611 566.

6111111 16 1111111111 766 (16111111
6111111116611161111,1161111
116 6111111111).

1111111 6166. 6150. 6155.

6111111 1111111 1111111111 1111111111
61161111 111161161111 111111111
1111111) 661.

611111161 0611 11111111161651111111.
61116111).

6611 111111111111116151. 6156.
supremorum 6151.
6111111 16 6111116156.
1111111111 6676-
1116161111611111. 6500.
6111111 1111111111 11111611116111.

1. 1111111111 6151 = 6166.

11111111116676. 6506.

111 1111111 11111611111 11111111111
1111111111111 11111111111611 mou·
6111 1116165 1116111111 1 ll. 61·

, 11111111.. Vero),
6111111111 611111111 (01611) 11111

1611111 7661 11. 766.

6111111 11111111111 6651.

6111111 6111611111111 6166.
611111111 6111111 6666.
61111111115166. 6016.

61111111 11111 1111111111 766. 666.

506. 6161.

1611171111111111 110111 Tllo 1176.
, 1 111111 61111111111111111111111-
6116056.
111111 Commodo 606.
11111111 11111 1111111111 776. 6511.
611111111 11111 1111111111 16 1111.

6111. 111111 ’11111111111111 61-

11111 (1111111111 1111111600.
611111111111111111111 11 S· 6. 11111
1111111 11111111 661.
01111611 11111111111 1611111111 116.
C. 6111111 656711.
611 1111111506· 576. 6116.
1111111111 6161111 6666.’

κ.-

’6111111111111 (procos).
1. 11111111171. 5166. 5666. 6016.
611111. 11111111116111111776. 1160.
11671161. 1606. 3016. 6066.
6166. 6161. 6165. 6166. 6566.

6066. 6766. 1656. 5666. 5666.
5150. 6116. 6161. 6167. 6166.
6517. 6576. 6601.

111111111 11611111667661766160.
1111 11111111111 6111111 6016.
611111. 1111. 61111576. 756. 6161.
6661. 6656. 6656. 6670. 6666.
5666. 5151. 5177. 5566. 11166.

111111. 61111 111 5165.
111111. 61111 11111111 6761.
11111 111111, 11 1111111111170.
6111111111 1165.
1111 1111111161 11 61115560.
(611)111. 11 6111 566.
611111. 61111 11 111111111111 1066.
6111111 1111111111 6110. 5111. 5115.
G. lrsosslpluss 16611.

6. praetoris· 566. 566. 666. 6106.
6111. 6116. 6166. 617611. 6660.
1665. 5666. 6110. 6161.

611111. 1111111111 6161111 16111.
56711. 6676. 6651. 61561. 6166.
7160. 111111116665.

6111111111 165. 75611. 1165.·

6111116151.

(crosso 116111111111) 5666.
11111111 1111. 6111. 6111111111

61111 6166. 6156.

111111. lterum 11111111111111111·
111111 611. 61111111 116. C· suls·
sus 16 1111111116111111111111
1111111111 111111111161111 6150.

1111111 161 11. .

0111111 111161111111 6061. 6656.
5177. 6615.

111116161111111111111111111111·
61111111 6151.
1111111111 1671.
11. 61111111 6670.
1111. 61111111675666066161.
1111. 1111111111 1111111111111111·
11116167.

116111 ll'll.⁸

llsoodoolso 1170. 6651. 6006. 6561.
6516. 6606. 0611.

01111111 6176.

61111 11 1111611111 77.

611611111 6677 = 6706. 6166.

61111111 151. 766. 6176. 6716. 6161.
6506. 6607.

1111111... . 1610.

611111111 611111111161111111 6676.
611111111 noudum 11111111 [ursolus
5656, 1111111111 1111111111.

111 proconsulibus (6111111) 6601.
6111111111 proconsulum 6606.

-ιι-

 

