n. uuouiiarriici.

3111111111 9791.

Syracusae 5317.

Syria 579. 1199. 3193. 3189. 359911.
3999. 1939. 1997. 51591 9919.
9133. 9131. 9991. 9317.

3. 9111199.
3. 9111111111 5599.
3. 11111111 995.

Syri 9571. 9995. 3593. 3597. 3593.
5393. 9599. 7957.

31119335.

7111111111 533.

71911111 133.

711111 19911.

Tarentum 511.

Tarentini 1911. 133911.
Tarquinii 9197. ·
Tarquinienses 5131. 9913. 9999.

7111111 1571339. 5919. 9937.

111. 11111 9111111 7111113191.
7111111111111 1397.
1111111117. v. 1111111111.

Tarriaina 5591.

7119111111119915. 9131. 9999.

711111, 7111111 319. 5193.

711111111 5191.
Tarius 1791·
Thanna 97991.
(1111111711111111, 7111111111 1931.

1939.
7111111111 131. 7151.
Taurasia 559.
Taurini 71. 3939. 5919. 99791 11111111

71111.
711911111111111. 91791 11911111.
ud 5999.
Tauriani 5957.
711111 1111 919.
71119 3559
711111111793. 551511. 7111111111.
T. Annii 119.
711911 9175.
7111111 999.
7191111 5939.
711111111119533. 5191.

’ 7111111999911.

71111111 iiii·
7111111111. (i) 9355.
7111111 997.

71111 537 11.
7111111111 15911.
7111111911111 5179. 5173.

7111111911 5979.
71111111 3397. 7193.
71111111 15911.
7111111193. 5971.
71111111 513.
71111111 97991.
7111111111. 5313.
71111111. Tanna.
7111111111. 711111.

13

7111111111 191911. 7111111111. .
711111 aegypti 33.
’1111111 3831.
7111111 5395.
711111115993. 97991.
7111111111 3959.
1111111 711111111111 3959.
71111111 593.
Thermum 11111111 111111113973.
71111111 9133.
7111111119959. 9133.’
71111111 3591. 3575. 5595. 97991.
11111111 7111119111 9931.
119ἓέ191111 Bura, 111111111111111111

municipium 3111111111 111111111-
num iiheruui Th· B. 9591.
7111111111111 9591. ’
Thignica, municipium 11111111 5395..
1111111 711111111111 531.
71119111111 hasii 599.
7111111399. 3979. 1931. 5591. 9339.
7111111 999. 1519. 9993. 3739. 5913.
5119. 5193. 5139. 5133. 5139.
5119. 5113. 5995. 9939. 3793.
935319999. 9913. ’
Thugga 5339.
111. septimii 1111111171. 5399.
711111111 15911.
Tharria, Thurri 1. 7111111, Tirsai.
71119111 9931.
111. 7111919111 5399.
715111113931.
711111 113. 7999.
7151119111 111 pubi. 9991.
71111191 99. 9999. 3793. 9151. 9991.

11111 Tiburi 5117. 9939.
Via Tiburtina 3119.
7111111111 5199. 5919. 9395.
71111111 11111111113919. 3399.
7111111111 9111131111 3395.
7111111111 11111 399.
1119111111 3799.
711111 (9) 7933.
Tirinus 5131. 5751.
711111111 rinna 1111111111 39.
7111111 39.
7111111) 3551. ,
711119111111 pigui 9171.
71111111 939.
’1191191911 5199.
Torua 3511 ’.
7111111111, 1111111119115939. 5937.
59371.
Viaa 1111 71111111 3399.
7. Traiana 5119. 5151.
1. 1111 71. 399.
1. 'Traiana 11111 15911.
71111111111 9993.
7111111 1111111 139.

 

