1v. ltus SACRAE.

1111661 Arimini 3699. 3635. 7070.
secerdotium 6161166116 1111616 6906. 111111 5996.
11161 Beneuenti 9396. 6007.
11111661 1616616166 1616661611116116 1611611511.“3315.
01111111 1161611 6156. cartennae 5336.
Comi 6716.
6. 5661166116 municipalia et 6116616. ἓεξηᾞὶίὲἓξῖὓὲρ
1661111 1611111116611) nunniti 116110, Faleriis 3666, .
Tusculi 3169. 6110. firmi 6663.
161. usu. 1111. 6161. 6111611151. 111. 916. 151.
1661111 1161. 9611. 011166 3669. interamnae ³279. 3776,
1.1161. Velit. i. 116. 5967. 16611111 9976.
t. 61 6116161 116. 9611. 116. 156. 13611 Lumo 5196.
61. 6116161. Mantuae 9160.
16611661 (1661116111) lucerne 1636. Minturnis? (66111) 5150. 5151.
1161161 01116111 96116611 Augustales 16666611 6656, .
Tusculi 9161. 11111 3706.
1. 01116111 6116116611116. 9663. Pompeia, 3137, 3666,
6100. Potentiae utcu.
unguentes 1. ted. 6099. 1161161161 0159.
0611161166116610. et P. 166. 9663. in 661. 661111166101116 6656.
0611161 166116661 0. 61 Ρ. 166. 1611613909.
66616111 7115.
11160161 16606661 0111611196116611 6116161 6753.
Augustalium itui. 9161. 6111161111 6911.
1. 9116160616116, iu 6616161611· 'tibure 1579.
innui 9909 = 3539. Ticini? 6111 661161 Tibure 9950.
1. Dianae 9116611616 366166 9660 1111161111· 9163 = 3905.
.··. itui. Tufict‘ 88.
1. 1661116116616 Tuiiieneu 166161 161160 6997.
, 1769. 9666111 9169. 0517.
1. Fortunarum ,1601 6665. 91161161 teu.
1. (1161661111) Romae 9700. Viennae 3669.
1. 66 6166611 1593. 116616 61111166610161166116166111161
t. 6611(16111)0166(61111616) 1593. 1111161661 9990.
1. 9666111 1161161616 611161111661661 16661 61 6661616 decurionum 6161161,
Romae 1369. 1669. 6661619967.

1. 16161161616111 1739. 1611611161 6111111161 66111111, 9161161111
11101161 116161 1661, eci. 16111. 9300. 5777.
5966. 1166611161 16661, 0611111110 9966.
161111. 661661661966161ς (6661016166 1666161 publici (1), Aquini 615.

0111111) 1533. 01661666161, 611661661610.
1. 116611 stiunt Romae 9901. 01661611, 016616116, u. 66116611.
1. (1616116 166. 61 1111611111, 1166 016611111166166161.6.11661661610.
1116611611, iu 061116 5996. 0616611061 Lutum 166. spoletii 3956.
1. 66166161 Fortunae 6116666601, iu 71155 ei. mugitui 111616 166.
1611161116 1750. 0661661160 5655.
16111011 (Siluinum 6106616611 66· (06616611611116611501.)
iens), 1161119900. 0611161111 11661616, tuccetum, 6661661,
16111161 vestamentum 6161161 91166 u. 0)). municip.
Vestalis mccimc 9933. 9935. 061161 11161616 011611 961116 616116
1161161661 166661 Praeneste 9697. 1657·
1. 16611661 611666.11661669160; 1. metetur 11111661 9993.
1666166116611661. Ter 61611161 in 1661116111, Narem
1111661,11161661, 1161661, 6111161661. tute.
Augures: 11611101, 9661611· 5979.
1611111161 6677. 9116116111
iu cci. iui. 1616 197. 1111111616661661 5960.
16 661. 1611161111 utut. 1661161· 915. ,
166161 3676. 161661611111 6156.
0611161. 1111111611. Latin. 961. iti. d

 

