111 vm. 6111616166.

· 66616116 317 . 63631176. 315116. 6616.

6761. 7115 (1).

6. legionario· 61666116 11616166 3151.
3733. 6771611.

6. 611161661 337116.

o. 1166611161 3166. 6765.

6.1666166616111161 6765.

. 6. 11616611 66111616 161111111 611666-

111616767.

11616116 6116661661 66611 marmorum
166611 6116111166 5363.

centurionum promotio 6116 rationo
[6616 rii 3151. 3155. 3157 6767

6. 616161161 61 666116 Romano 15
6616166666. 61. 661. 66166166 666.
6771166. oroio.

oiinoudir 666161166161 3155.

o. 6111611166 1666.. 6666. 61., uro,
616, numeros 661161.

6116661161, 611661611, 61611161 6.1.66.

61161161 3111.

661161111111, 6. 6666. 616.

66611111 1661666111 666111661113116.

666616166161 3557. 6616.

6666166611111 3555.

commentarienses 16616666 111 Anioni·
611611661 31671 u, 1666.

1166666111116 uiui: 6. 6666. 616.

6 6611111. 6661611111 135.

6616661116 3663 3551.

6661116661 3551. 6615.

· 66616561611113517. 3556. 3557.

66616161161 3566.
6666111 multatibus 1911. 3565.

66161666, 6. 6666. 61.
66161661111661613. 3173. 3166.

6. 116. 666. onio.
6. 11 111. 661661111611616 3167.

6. 66166111 1111116161 116616. 6776.
61661616 corniculariorum 1151.
661666, 6666. 61., urii„ 616, 66611.
61 661616611116 3157.

6611161 6611; 61. innumero 6616161161.
6661 6611161, 6. 6666. 61. 61 orb.
our. 666111161. 116. 111. 666. 6661.
661. 1111661616 316 .

6. 111611661616 oioo=i . 6351.

661161 611111616, 6. 1166.

6. 1111111, 6. 1166. 61. 61616.

661161116611161 1137. 3166 61. 11-

iiior· 6111161.

11616116 oio. 6766.

6. 61 116661111 5711.

6. 6666. nonii· 1111161.
16666161 16 661611161 6151. 6166. 6161.
1166161 61561111 17116.

6. 11611111. 3117.
11661161 16611 161.

i. 111111 6111161111 6651.

666116166166116161 67676 61. 3573.

d. 661661 1661111 111116 66111166 3317.’

u. 6111111611 661661 71166. 361616.
661661 61111161 3573.

661661 1161111 3573·

66611 6661166 16166111. 116111111. 6111·
16111. 661661 1111111711.

66611. 1616. 111111. 61111. 66166. 1516

6. 61111 661161661661 16161 363.

o 611116611 6616611111111 661.

6. 66611 161111111661 661661 1661111
61611 666561756651.

11. 661. 111. 1. 116111 16161. 357116.

1666611 uo 1166. 61161611 666116116651.

661661 morolio, 61111 6611 1116111-
ium 1166616 inriguo ob vinnium·
116611611161616166, 6111 3575.

donatur 66611 161111. 1111116 6111111111,
16111111 iiii. 6616611111111, 661661
murrii. corono 61161161, 661661
1616151111.

611 66611 611111. 6661161 6616611 616-
111166111, 111111166111, 161. 11,
1111111 66111 viii. 161111111115177.

1616611611 611161 6655.

1115166 61. nior.

1616661 161161 1561.

66611 6661161 161616. 6161. Aug. 6611.
661. 61611. 6111116. 1616. 116111. 61
6611. 1111. 351516.

d. (1.1611161616611 661111 666111
61161611616. 6111161. 11166767.
6661111 1111111 66111 661661 616616·
111 161611 16 11116 666. 61 Ti. 616·

roro 666. 6116.

11661161 oio Ti. 6161. 666. 1. Ausonio
161666 maiori 561166666111661561.

ionio 6. 111116 61661116 66116 1111116-
61661616611161, 11661111, 66116111,
661661 16161 3566.

6. d. 61116 6111166166, torquibus, 11·
6111111, 661161116767.

o. 161111. 6. 1511661616161166666.
1616611161. 11611611, 66116111, 661661

16161 3153.

11111 1616111611. 611111 661111111,
16111116 1111, 6616611 1111 1111111,
1661111, 61111161, 16161 6115.

6. 6161111. 6166116666 6615161 11
6111611161 661. 1161. 661. 1111. 661.
161. 6111. nur. 1116. 1611161115.
(6 raparum) 6116.

d. 6. 111116 1616111166 66166. 16161
6111. 6111 3651.

6. 6. ui> 1116. 1616111166 61 71161166.
1116116 1666666, 16 1616. ’11111116 11611.

16. .

 

