2 1. NOMINA.

,1111111011 quo 111101 eum 1111111111111-

11111 1111111111.-
10112100. 2772. 0710. 5007.
0 010 0250.
1111 112707. 2700.

11112771. 2772. 2773. 3007.
11111 2700.

1188111111111111111 01111111 11111111

111111111111111 27731111.

111110050. 01. 11111. 01111. siu. 11111111110111111111111111111111111112705.

qui 1111111 2770.
qui vocitatur 2700. 0200.

1111111111 11111111 5023.

2111111111 2750. 2700. 2701 1111.

ii. Giiociiiufflcu.

1. 0101111111.
01111 000. 1150. 1157. 101310003000.
3072. 0007. 0003. 0007. 5710. 5005.
urus 11111 530. 530. 1102. 3100.
3700. 5053. 5120.
ii. 11111111702.
Utin 1111111 2.
01510111 1111111 1221. 0000.
Urbi ii. 1111111111. 3001.
01111 11111 0. 5. 200. 0103.
01111 0101 50. 2200. 2205.
01111702. 3110111. 0103.
110111 011111113110. 0105. 5005.
Concordiae 20. 0300.
Fidei 1. ii. (in 0111111111) 5000. 5020.
111110. 11. 5000. 0050.
11111 1111111111111112111111 0057.

ii. iuiii 011. 111111. 1. 111.
11111111111 11111111 011. Pr. 11.
111101 111 soro irumiiori'o 10.
Neptuni 11 111110111111131.
0111 Pii 5077.
0111 Pii 1101111 1011111111 0053.
0111111500.
111111111111 0111111111 5000. 5007.
7111111 1111111111 0000.
1111 011111111 1111111111110007.
111111 1111111101 2525.
Aquae: 1111 1111 50.
1111 111113203.
11111530.
1111101150 2000.
011111 11 0111111150. 55. 50.
1111111102. 53. 57.
2111111150.
11111 ’111111 iiiiii· 0035.
0111111 03. 5007.
71111703. 0310.
1111 7111111111 2551.
111111 111111737. 5000.
11111111 0220. 5103.

111111 1111111111 1150.
sutorium 011. Pr. 1. 1111111.
111111111011.Ρ1. 1. 1111111. 011. 1111.
011111. m. 11111. 011. 11111· 0111.
111. 1. 111. 2000. 20000005.
01111111 1111111111 0111117203.
11111 20. 5002.
111111 0. nucu 11111101. 1101111101
5000. 0050.

0150111111 011111 01111111 iu.
011111011111111011111112053. 0273.
011111 tempii 111011110307.
011111 1111111111 01. 0300.

11111111 01111111 0271. 0272.

011111011111111111111 2017.

11111111 011. 1111. m. 111. 33111.
0111111111, 1101111111111. 2330. iiii.
0302. 5010. 0105. 00507010.

0111111111112005. 2030. 2035.

0111111011. Pr. 11. 011. 0773.

011111 1111111111 0.

1111111111 21. 0302 0070. 5070.
1111 111111111111111 11111111111
1. 111 ro 1111111111
01111111 5002.
011111 1011111111 1111111111 0111. 31.

11111111 11111111 111 01110200.
011111 1111111 3.
01111 (111) 1111110103.
011111 0111111111 011. 0111. 11111.
0111111 1111111111 30.
Comitium 011. Pu. 1. 1111111.
Compitum iiiii.

1. 11111111 7200.
01111 01111111 011. ur. m. 1111.
1111111111 5000.
Fons 11111 111111111111 50.

01111111150. 55. 50·

0111111 iiii.

11011111 50

0111111111 1005.

opis 110111111 111111 1111111 011. rorum Aug, 31111,

0111. 1111- 1. 111.
lucu 111. 11 11111 1111111 011.
11111. 11. 111111. 011. 0111111.
11111 011, 11 0111111111 5000.
1111 11111111 11 1111111 1111111 2031.
01111111 5000.

boarium 013.

0111011111 5070.

1111111111 011. 0111. 1. 111.
(01110111) 1110.

1111111111 0110.

1111111 21.

 

