66 11. GEOGRAPHICA.

Fundus 6611116611661 6666.
661611111661 6666.
61111661

campus 61111661

Fundus 6661611661
famularum)
-61666611611 6666.
Flavianus

6111611611111 ἕ ⁶⁶⁶⁴·

6111 1111611111 6666.

Fundus 36661111661 6636.
6116111661 6686.

6166111661 ’1111661 6666,
6111611 1111661161 1366.
166661611161111661 1

1111116111 ς 6666.

1111116111 161111 11611161

16611661 6665.

6111111661 6685.

6611111661 6111116111
Lucilianus ξ 6666.
1111116111
Garumnam 6115.
Ρ111611611111161 5666.

6111111 1116661611 166.

Fundus 6116111661
6111111111161 Ι
6111111161 Δ 6666.
6111111661

6666.

6166161661
1111111661 6366.
Nummum·
Nonianus ἵ ⁶064
0111111611

3111116111
3111166116111 5667.
6166111661 6666.
611116611661 6686.
6111111661 6666.

6161111661 6666.
611116116616666. 6666.
6616611611 6666.
pompelum 6676.
36666611161

6111 666111116111
Fundus 661166111616 Μ

61161616116111

61661661

3611111661

6616661661 6666.
661111111661 6666.

6116111611 3 M
611111661 ·
6111611661 6636.

6111611661 ξ m
61611661 1111661661 ·
61111661 161111616636.
6111111111 6666.

11161111 6116116666.
Fundus 66161111611 6666.

6611111661

6616111661 6666.
’1111661611 11111661
1116611661 7666.

Trebelli-nun 6666.

3111611166116161 1776.
Fundus 6111111661

61111116616111111161611611161

. 6111111661 1111111661

6111116111

· 66611661

6111111161

6116611611

1111111661 1776.
6111116111 111611

11611661 ξ 6666.
6611111661

3616111661 6666.

111. BH. DEAE. MYTHOLOGICA VAMA.

61111111, 61611. 1656. 1953.
11616161, 6161 - 6776.
6661616676. 1111611. 1686.
661116116761. 66661 v· 6161116161.
Acheron 1176.

11161616676. 61161161) 5666.
11116161) 5868.

Aesculapius 1611. Ρ1.16.116.1616. 1576.
1576. 1586. 1767 (= 5666). 6617.
6666. 6686. 6716. 6737. 7166.

61611. 1576. 1675. 6667.
6611116111 A. 6516. 6616.

Α. Augustus 1676. 1666. 6166. 6661.
Α. 11111161 11111111 1573.

611 161611 11116616. 11111611 1561.
Α. 111611 11661161 6318.

Numen Α. 11 1116111 7166.
1111111111 1637. 1676. 1763.
11111111. 5736.

Α. 111611111 116611616366.

61111111 611116111761.

6116661, Aug. - 1666.

616661 1665.

Addua. 1. 16661111.

16616111 6111 6666.
16611661661. 1768. 6676. 6671.
1661111161. 1111661111.

166611 1376.

1111111111 5666.

6611111111 Aug. 6866. 6311.
111161 (ΑΙΑΚΟΣ ΚΑΕΙΔΟΤΧΟΣ) 1175.
111111, 1. 1111111.

 

