11. Gnocmmcs.

munio. 8111111111 8880, Cnossos, eoi. 1111115808.
8111111811 8818. 8111111111 888.
811111111118111018808880885100. 811111 1. Coeseeo 5810.
Censorgieeenses, 111111 808. 8111111 188 so.
Ceutrones 5858. 8111111111 11111 8181.
Carteienses 0711. 811181811111 881 sp.
81111111 180. 81111111 5810.
8. 51111111 5188. Commageni 8587. 8708. 8857. 88581.
81111111 8088. Compssni 8108.
Ceriennis 711. conon 5008.
81111111 808 sp· Comenses 8888. 5517.
811111 (Cnossos) 5810. 8111111811. 111. 8088.
Cessero 5810. 11111 concordis 8758.
8111111 pegus 8008. 81111181111118885.
1118111 81111111111 5888. 8118111110850.
8111111111, 111111 5887. 81101111115888.
8188811111 8708. 8118111111 Auernus ei Tirinus 5181.
8111111Ιῖ 5888. 811111181111111 1180. 8180.
cherronensis (marineio), 11111 11111111 8111111 nigre 508.
Borysthenem 750. corones 5810.
8811815888. 811811111118885. 8888. 5008. 0885.
811111 887. 81111111118858.
8111111885. 8888. 8181111588. ’
81111 800.’ 8581. 8888. 8111111111115851.
811111111 5800. 8118111181 8807. 8501.
811111115810. 8111115188. ‚
81111111 588. Comenses 5188.
8118111111, 8111111888. 8808. 8888. 8111111558.
8508. 81111 158 sp.
Cinguium 88. 8111111 1181.
Cingulani 5588. 81111111 8808.
81111111 5810. 81111111. 811111871.
8111811111 5188. Cori. rnnnioininm 5188.
8111111 8888. 811111 11111 588.
8111118871. 81111111 1785· 8788. 8808. 8750.
81111 5818. 87881. Cremonenses 8888. 0188.
1111111118111111181111118111811- 81111 8188. 8858. 8858. 8851. 8788.
iniis 81111 5817. 8818. ’
Cirtenses 5818. 5818. 8508. 811111111111111111115808. ·
8111111 550. 81111111111188.
8811887811. Cugerni 5188. 8788.
81111111111 1111111 5801. 8111111111 87881.
(lienum 1. 8111111 58101 81111111111 5880. 5788.
81111111 11111 888. 811111 8015.
81118811115117. 811111111111 1058.
8111111111 5810. conse 8808. 8888. 8888.
811 8111811 1111. Pr. 11. sor. 8518. colonie 1111115158.
8. 8111181111. 1111811 1111118 8111111 180.
81111181118111018. ’ 811111111181118888.
8. 8111811 Aug. 1811811 Pedo 11 8111111111 8887.
flumen 8111111111 5800. 8111111111111111188. 88.
8. 8111811 11115181. 811115500.
8. 8111811 81111111811111111 eriis Cures ssnin. 107. 5585. 8888.
Aterni 711. Curubis (8111181), 1111111 811111 580.
8111811111 11115808. 8888. 811111111118888.
8111811 moos 8181. 8111111 5810.
81811111 8788. - 8111181111111118880.
811 811811 888. 8188. 8808. 8888. 8508. Cyrno 887.
8111111111111111111, 1111111111 858. Cypros 8108. 8188. 8887.
81111111 8508. regio 8. 5111.
8111111 5178. 81111118858. 8788. 8818.

 

