iv. 1111811111.

T. 1111111111 Aug. 11 11161111.
1111111 1111616111 5066.
Τ. 8111118111111111111111 1566361118.
Τ. 6118111111 11111111111611.
Τ. 611 81111 61116111 6510.
T. 11. 1111111111 6663.

Τ11111 (1611111111 11611 1111111161· 313

11111111 5167.
1111111111111111 6137.
Τ11111 111111111 11 1111111 116111
1111111 eom 1111111111 1111111116137.
Τ1111111111 11111111 1111111111 6676. 5051.
Τ. 1111111 6086.
61. 1111111111 6166. 6753.
Τ. nymphaeum 6516.
Τ611111111 6507.
’1116111111 6111 111111 6666.

, ’111111 1361 111.

1111111111111111111 11111111 111111 1838.
V. domini 11. 1. 61116111) 11111111
61611111 1618.

3. 8111161111. 0111111 11111.
1. 8111111111 1116111111111111111111111.
8111111111111111 111611 6631.

α. (11111111111161111111111111161111111
eornm 11111111 15657. 111.-111·
1111111111 11111116111 principer 61-
1111 61111111 11111611 1611111111
enni: 11. 61 6111111611, 5161
Τ161111 688. 6661 61 Nerone 11111·
eloe 1111111111 6561 6111101111
1111111111 111111111111111611 1111111
conlegiorum 11111111 761. - 11
11111111 611111 11111. 11. 16 6061.

1111116111 611. 511. 511. 566. 633.
631. 656. 671. 667. 750. 806. 866.
631. 1175. 1380111. 6115. 6150.
6665. 6675. 6670. 6378. 6131.
6568. 6761. 6636111. 3131. 3138.
3153. 3186. 3661. 3386. 3161.
1106. 1165. 1667. 1515. 1518.
1516. 5663. 5366. 5177. 6667.
6186. 6165. 6166. 7066. 7331.
7166 1. 11. Pr. 11. 11111111.

61111111 1111161111 11. 6116.

6111111161 1111116111 6161111.

P. 611111111 616111. 617111.

Collegium 1111161111 761. 1181. 6111-
3661. 1165.

6111111111 1111111 11111111 6115 (Ρ.

rmfflwmmmw.
6145551111 11111611111 11 1111111111
1166. iiio. 4515. 5518. iiiii.

1155516111 1111111111 1111111111 1
111111111 11111111111111 1111661111
1111111111 3601.

15

61111111 1111111116* 581.*586; 11.
6117116110.

Imperatores 1111161111 11111111 111·
1111 111111111 eoririei·v

6111116111 11 conlegio 1111661111

1181. 1376. 111111111 111111111111

6111161111111111 1186. 11871188.
6151. 6661. 6351. 6353111. 3161.
3076. 5651. 6616.

6. m. 11111111111111111111 3666.

61111111 1111111 1111111 1181.

Ρ. 1111116611. 6351. 3185.
111111111111 1111661111 Verior

Poniiior 111111 111111 3181.
Pontifex Veeuiir 1111116130.
61111111 6111111113676.

Quo 111111111 1111116111 11111111. Ve-
1111, Venire 1111111111111111111111111
1111, v.. 5651.

(1111116111 11181111 1111166111 11111-
1111. 11111.)

Auguror 611. 535. 511. 516. 516515.
578. 633. 6. 611. 650655. 656.
666. 688. 660. 763. 866. 866.
iiiii! 1165· 1176. 1161. 1551.
1860. 6613. 6665. 6686. 6685.
6353. 3061. 3656. 3676. 3633
(·.· 6166). 1651. 5356. 5351. 5366.
5165. 5135. 5150. 5666. 5788.
6017. 6051. 6171. 6167. 6168.
6160. 6681.

611111111111111111811. 636.“ - rio-
111111 11116661.

Augurum 11111 6061.

Auguror 11161111 11111111 6111111 611-
riuum 6130. 6681. 6335. 3166.
3161. 6063. 6181.

611116111111 6066.

0111111111 111111111111611 551366661
1111111 0111611611111 111111 111111-
611 011. 650. 656. 688, 600. 768.
8115867. 616. 1100. 11851306.
1108.’ 1000. 6663. 6664. 6673.
6351. 6351. 6375 (eorm). 6385.
6116. 6110. 3066111. 3168. 3151
33183. 3181. 3185. 3161. 3551.
3676. 3715. 5151. 8018. 6016.

. 6010. 6016. 6106. 6503. 6516.

(lemgum quindecimvirum 111. 111.

3111111111 61111111 765.6
6111111611 1111.Χ1111111 111. 111.
1816. 6663.
6111111111 6711111111. 111. 6663.
(Quindecimrireier 1111111111 1. 1111-
111111111 municipalibus.)
811111 17.
8111111111111111111 1. 1111111111 (lie
11111611 11111111 111161111 17. 773.

 

