11. Gnocmmcn.

’ 11111 ’1111101 1131. 1101. 1031. 3101.
0106. 3516. 5117. 5173.

Ulpium 1110. 1133.
0111101111111111- 1011. m. Aug. '
1101111 Agrippum 5001.

0111110115. 1001.

1111117133.

senna 66.

·· 110111 101001101 1360.

0111111οι 6160.

311101111οΙ 1360. 1100.

’1111001 6660.

011101110111101101 0160101101 1611.
11001 016101 17.

011001 1111111001 16.

1010111116. 1111. 11. ιιι. 111.

1. 31110111016331.

1011100 01101 1111. 0101. 0. Aug.
10111 1011 10101 1111. Pr. 0. 1111110.
1010111111 0111061. 1103.

110111οι1 1370.

10010011 5603.

10 1111111 110 111 10011) 1617.
1110101100 (1010110100) 15.
1111101101 10111101 5006.

11101111 0161111100.

11101 11111515. 3111.

1101111 535.

10 01011 (111) 3.
11111Ιοιο111111001101005700006001.
11010100 31.

Pons 11011101 11110101. 1011. 0. 101

01011101 1117.

10111 1001101111 5035.

1111101016110. 0031.
1011110111111 1061.

11Ιο11111 11·

01111111 1053. 6110. 6111. 61731

1. 0150011001.
1111161101 5501.
1110010111 6000.

1111111 101110111οι 1510.

1011111 11001011 11 1111011110 6017.
10111011 (10 11110 011100) 6061.
nul· Vutno 0353.

Regiones xllll 01111 ⁵= 313. 6065.

11110 011015. 1.

1111. 10.
V. 1331.
vn. 1307.
Χ. 5.
1111. 5.
xm. 5.

xlm. 5. 730. 1655.
11111011 011110111οκ 51351
11110 1111110111οι 1166.

1101111 1131.
31111111 1110. 1156. 6103. 1111. 6101.

6300· 6300. 1011.

111 1111111111. 1155. 1111

5111111101101 3003.

sem 11115031.

1111011. 11. 1110111 1000.
5101111100 1001111101 1101101 10.
010011111 011100 0001101100 5063.
10 1111010 1110115030.

310011 01101 3.

Subur· 0305.
000010100011011111000 1073.
’1100111100 31 .-. 3107.

’11001001 1111111011 6307.
11111 1000111 10 0110111οο 0663. 5030.
0351. 6050.
0111 1010111 110111111101111, 1001
11110 01111100 nm.

0111 0110101100.

1101610.

0111 111 0571.

110111 0111111 111011111 1506215111.
’10111100 61111111 1111. 01010. 101.

1111. Pr. 0. 101. 30.

nomnen 0000.

1100111000 6501.
Aug. 11001110. 6030.
Thermae Agrium 0561.

10110011 0501.

’1111 0001.

1111101115,

’1111101 0501.

101001011011 5000.

1101001101. 10.

0101110011 1050.

000111011011011 1111. 6516.

1101101110.

1111101113.

’1100111 01101010 1011101116 11610
111110. R. 10 1110110110 5033. 5633.
11111100 5036. 5037.
1010110111 1135.
10 1101100000 5035. ,
vnn· 1101101110 66.” mn.

01111111 1105.

610101101160. 0631.

1 1111110111.

10111101 3061. 1111. Cum. 111. 101.

11111001. 501.

0111111101 ng. vl! 1331.

pub. 6173.

qnantum 1605.

0110111111οι 13.

’101101 1011. 6000.

Vm 1111011011 01011 1. 1, nu. ΧΙΙ.
11111 106110.

2. nom. 1011. omna. 1111·
7111. Vm 11.

1011113316. 3361. 7167.
10111101 3610. ,
1010101111 1130. 1101. 0516.

1011101 6001.

 

