190
1. 111111110101 0190 (1).
1. 1110119593. 9599.
i. russata 9509. 959711.
1. samaia 9509. 9590. 959711. 9599.
0111111111 0197. 7939.
1111111110 0090 = 5099.
0111101001 0199.
0110011111 0190.
signius ab imbricibus 0190.
1. 11111111110191.
9111111011 9015· “
0111111011 01 111111110199. 0103.
1111111 0309. 0995.
Δ 1111111111 9995.
1110111111 0001.
barnarius 9900.

siaisua 1110111111· issia.
Gammasiua 9001.

1. 0111111 ria 0909.

1. 1111110111 91111111 0195.
011011 Ti. Casuaria 090.
9110111111 0197.

(0101111111 0090.

11. prim. 91111111 0109.

11111 11. 9500. 9530. 9505. 9570.
0011. 0151111.

1111111111. 9550. 9559. 9500. 9509.
0007 0159 0100 0107 0109
7017. 7105.

iam. 11. 911111111101 1111119573.

0011101111 10 Aegyptum 0159.

11111111 iudi 1111111 0170.

11111111111111111 901111 1111111111, 1110.

af· 11111111.

9110110111 0109.

91110111119095. 0005.

Grammaticus 03911. 1900. 1010·
91111111199. 1199. 0501120959.
Latinus 1197.

Harundinariua 0109.
1111111111 5099.
0110111111 901011.
1111111111 1111111111 11111
91001 11. 9097.
0. 011 111111111 11 011111111909911.
0. 111111 11111101 1111111111 0111111111
10111111. 00. 111. 011111 1111111-
1111101111. 9097. 910111111011.
11111111 = 1111119901.
Hoplomachus 1110111111 9509. 9509. ,
Ab horreis 0900.
Rufinianus 0900.
mmmm.
Ab hospitiis 0991.
9111101111 da 1111111 910111111111

011111011

Α 1111 5900.
0111111111111111111 puerorum 11111111-
01111 9111. 1. 0390.

XI. simiis ΕΤ 0111001111111.

111111111 11111111 aura 111111 1111111
111111111 Ti. (lassaris 0111.. qui 10111111
insanis 1111101111 11111111 0109.
1111111111 9975. 9070. 9977.
inauratur 0901.
11111111 0909.
1. 11111111. 0900.
1111011111 9990.
111111 11111111 iss. 9997.
111111111 0900.
,11111 0319.
inritator, 0111. i. 0391. 0000. 0091.
Α 11111101, Nasonis 9111. aar. sias.
11111 inmania 997011.
iuria 1111101111 0370. 0300. 0991.
1111111 9009. 0000. -- 1100101111
studiosus 190311. 7935.

’ 111111101111111 0150.

0111011790.
011111011111, 9111. 1. aar· 1111111111 -
9111. 1. 111. aa 1111111101 ima·
dariis 9900.
911111111091.
i. 011111 911111110905.
1111100111110900. .
i. pectinarius 0907.
banio, 1111111 0999. 0009. 7937.
0111111011 91111111 a.. 9111111. 0999.
11111111 9990.
9111111 11111. 9550. 0179.
Ι. 10 aram Formarum 01111111 9551.
0111111111111 0999.
011111011111111 11 110101011911111111111
1 11101111 marm. 3900.
1 1111010111 91111011, 911111. 111.
7011101111, 9900.
0111010111 0990. 0309. 0005.
01101111119971. Aug. 111. 0995.
111111 0111191111111 1111111111111111

9111111 9900.
91111111 aurarius 7939.

Lana 0900.
0111111010 1111111110 0905.
11111ἳ11ῃ11111111 r. 'i'ib (0111710101)
Libraria 0919.
010111111 0919. 0357. 0005. 7179.
Ι. 10 1111. 1111111111111110910.
011111 1101111111 01 11111111 0911.
librarius Qiuirria'i 1111111) 9970.
i. qui 1101111111 11111111 11111 ΧΠ
aina iuris 111111117900.
Ι. 1110011995.
Ι. 1111111111 9111111 11 Latinis 9979
indicam 11111111 1101111 11 arrai-
ο m·
1. 10 masam 9970.

 

