76 V. 1111Ρ11111Το1111811Τ1ΜΡ1111110116Μ1111111111.

Imp. 6111. 11111- 16616 1.. 111.
Venno 161.6611.6111.1116.611.
11. 661. Ῑίιι. 6. (1 166)6766.
6661. mox. 1116 661.1“1.661.1“1.6..6
(1. 166 111 166) 6666.
116-1111661 6611. ιιι11.1116. 661.
1111. 116611. 661. sl. 6111161111.
166) 676. 6666.

111666. 61116. 11111. 1116161111. 6.
61.11116.Γ6.661.11.611.Γ11.6ιο-

· 661 (1. 166) 6676. 7665.

1166. 6161. 1.. 161. 66161 Aug. 11-
61611661 1116-6111616 66611111.
1116. 661. 61111. 1616. V. 661. ΙΤΙ.
ιι. 6. (1. 166) 675.

11111111 1166. - 111 66161661111661·
161 16111161 1..61ι6 16116 11161116
ι. 1116666.

Lunum 6111.

1611111 166. 676. 67716.

0616616 6166116 1.. 6111 161615666.
lmp- 0661. 06666661166.

1166. Coeo. L. 1111611111 Commodus
1111. Germanou· 6116111661 6667.
1611161611 6561.

1.. 1611111 1111111111 116. 1.(16111111611111
161. (1. 177) 666.

11116. 6111. L. 1111. Commodos 6566.

1616. 1.. 161. (2. 166. 6576.

1.. 161. C. 616161676.

1616. 6111. 11. Commodos Antoninus
161. 6111111111 Germ. Suom. 61111.

Ιιιιιι. 6111. 11. 111.1616611111611ι
nug. 66111 6166.

1166. 6111. 11. 1111. Commodus 111-
16611616161 61111 Aug. 6716.
Imp. 11111. 11. 161. Commodos 11-
1161161 nug. 6161 6. 6. 6616.
1166. 6111. 11. 1111. Commodus nug.

167816.

1616. 11. 161. Comm. 161. 6161111111
. 1116. 666. 6756.

1166. Coeo. 11. 1616611116. Aug. 616-
661. 66616.

1166. 11. 161. 6611116. 1111666111

161116667.

111611. 161. 6611116.166. 6666.

1116616166 161 666.

111691ὲ61111161161 1616611611116 6617.

1166. 666666111116111616111161111
1116. 5665.

11116. 11. 161. Commodus Aug. 1⁸57?

1166.6611111116611666111611116716.

1166. Commodus Aug. 666. 6765.

(6611666111166. 5766.

Κόμμοδος ἀνὴρ βασιλικώτατος
ἀσπισιὴς τῆς οἰκουμένης 5665.

111111 Commodus 6176. 6657. 6666·

moun C· 1111111116. 6111. 1.. 61611·
6116611116116111161611166. 666.

1111111111 Romanus 66616.

1166. 6111. 11. 16111111 ........ 16-
16111111 1116. 6111161161. Germ.
6111661611116116616661111111111.
ιιοι. 61111. Ιιιιιι. 61. 661. llll. 6. 6.
(1. 166) 5676. ,

Imp. 6111. 11.(1611111111111 1616111111
Aug. 6161 611-61161. 61111. ..66111
mox. 1116. 661. 61111. 661. 1111. 6 6
(1. 166) 5167.

1616. Coeo· Μ. 161. Comm. 1111. 6111
111111 116 61111111. 6111161111 611·
1111116111 6661. 11111. 1116 661. xl.
1166. 6Τ11. 111. 6. 6. 6. 1111111.
16116111611 1111111161111611111
1111111111611611111111116161116161
16116. 11111 1111111 1611661 1161-
11111111616111161611111161111161116116·
6161 (1. 16615666.

1616. 6111. Μ. 611. -616111111 111111ὲ
61116. 311111. 11111. 1116. 661. XL
ιιιιιι, 6111. 661. 6. 6. 6. (1. 166)

1116. Coos. 11111 111111 11166111611
1161616161 (6111611161) 61. 11111 611
1116. 611-1. 1111111 111611116161
modun Augus 111 6116111661 1161-
616166161111111611111116616661-1..
11111. 1116. 6611111111. 11116. 6111.
con. 11Τ1. 6. 6. (1. 1661667.

1616. 6111. 1.. 111161116616116-
6611111.6.6.11111.1111.61ι.
Germ. 6111. 61611. orb. 1111. 11111.
1166611611.611661.111111111.ιι.611
1111111. 6 116111. 1166. 6111. 661.
6Τ1. 6. 6. (11661665.1

11111116 Commodo Aug. 6666.

616161116111616161 116116111616576.

6166166666111611116 11. 666.
(11665666161111111111

C. 1111111116. 1, 66111... ..1116111111
616116611116 ...... 6111116111111·
mon 6661611111. ...... 611161661-
611111 Proculus 1611111111 6116611
661. 11 - 61111 1111161111 16616-
61111116. 611161116661161. 5666.

1116. coos. 6111161111 61111666. 166.

6. 611111161111111 61111161615666.

11116. 6111. 6. 11. 6. 116. 6. 6. 6111.
mun. 1116. 661. 661. 11.(-1, 166) 666.

11116. 6111. - Aug. 661. 11. 6611111111.
1116. 661. 6. n. 61166661 11111116
16111111661611116111111111 1111111161
61166161 (1. 166) 666.

1116. 6111. 6. 6111111611116116116·
633611 1111161 6. 6. eonii (1.166)

 

