n. Gssoowmce. 1

5511115551 10111.

551511 115.1 111) 1155. 5005. 5500.
5555. 5515. 5555. 5515.

555555115 5555.

5150551155 5555.

5551551155.

11551551 5555.

5515115111 055.

5111115 115. 555. 5515. 5555. 5555.
5505. 5550. 0515. 5555. 055515501
51551115.

511115 5015. 5150.

5511155151, 115551 5555.

5101555111, 115551 1555.

5111515551 151.

Beneventum 151. 550. 5515. 3155. 5501.
5555. 5155. 5155. 51115.

5515515 15115 0555511115 Aug. 151115.
155. 50115. 5055.

151. 55551551555 1555. 5505. 5505.

551. 55511151555111515155.

5111151 55511151155 5155. 5155.

Urbe 55511551151 5151.

55551151551 1501111111. 1115.

555511515551 5155 5155.

11511155 Beneventum 0555.

Beneventanum 5555.

115151 Beneventum· 5505.

1151551511 5550.

15551 5511511155 5551.

m. 1111551551 5551.
Bergidum 155.
Bergomum 05.

5111555111 5555.

5111115515 155515151.

5111555115.

55155 0011,

Beruenses 5051.

51111511555.

151. 15115 Aug. 551115511151 515.

55515 em 5155111 51155151 5151.

bethleemum 5555.

5515115555 150.

1151511511) 5550.

55115555111 0515.

5515515 5511555511551 5515.

55111151 5055.

551111551115551. 5101.
515551155155155111115151115. 5555.

5155515 1055.

51. Auguste 555.

5115515515115515055. 5511. 5555.
0555. 5555.

5551155151 515151515515155.

5111151515 5555.

51115115 5511.

5115551515 505.

515511 155. 5551. 5555· 5550. 5151.
5515. 5155. 5550. 5557. ’

5111555515 1015. 5510.

5111155. 5550.

511155515 555. 115. 555. 515. 1551.
5555. 5551. 5155. 5551. 5011. 5555.
5551. 5551. 5555. 5555. 5550. 5015.
0551. 5555. 5555. 5555. 5555. 1550.

5111555111 11115 1055.
51115551115555 5055.

5111111 1015. 1151. 5155111. 51111111.

5111151111 505. 5055. 5555. 5155· 5550.
5151. 5515. 0155. 5151. 55515.

51. 5551155551515511.
51. 1111511551511051. 0151.

511115 51. 555. 1511. 5155. 5155. 5150.
5505. 5055. 5555. 5555.

15111. 5111. 5505.
151. 111155 Auguste 55.
51111551 5155. 5051. 5557.
5111111551 5150.
Brugetia 5³³0.

5111155551, qu! 55115111 5551111551 Brundesium 155. 5150.

1111115555. 5555. 5005. 5555. 0551.
museum 5550.
511115 51555.
551. B. Lucem 1015.
51151515 11. 1115. 5555. 5555. 5550.
5510. 5550. 1155505501 51. Pomm.
5111115111 5550.
5111111151 5555. 5515. 5155.
11115111 55551150·
1111511111 1111111 155.
51115 5105. 5555.
5111551 5155.
5151115551551151515 5151.
555151555115111 5151.
55551551 pegus 51115.
5515051551 5555.
11511 5551 e.
5555515555. 051. 51115. 5510.
5555511515 5505. 5051.

5155511151 5551.
515111555 11115 15 5551515 5150.
5151111 5555. 55551 11. 5111111.
5. 5115511511 150 51.
55551111 5515.
555151 15511.
551551151 5155.
51151555 5515.
5115111515 5515.
5115511551 5505.
55551515515111 1555. 1555.
55551115 5510.
55511115551111 5110.
55555115111 55111 1105555115151.
555551 5055. 5051.
5555151 5050. 5555.
5555155515 50. 555 = 5055.
caeptum· convente 5151.
1155151551 555511. 5151.
05111115 5151 . 5155 51.

 

