11. 66066666166.

1111116111 6. 6161. 61111111116761. 5666.
611111111111 6111111 5116. B. 61111111116516.
611111 16 6111111111 6616.· 61161111 5666.
6111111111 61111111115611. 1116111161. 6656.
61111111 1616. 6757. 6561. 1616. 1651. 11111111 5616.
6615. 6561. 611111111111,6111611611111611666.
111. 611111 11111111 P. 6666. 5561. 5666.
6616. 5516. 6111111111 67661.
1111111 1111111111 6116. 111. 6111111611111611111. 5666.
111. 1111111111 1166. 61111116111111111116616. ·
111. Puteolanorum 1661. 6615. 6111111 1111. 61. 11. 111.
111 1. 61111111111111666. 6161115661. 566. 5566.
1111111111 116. 665. 1666. 1661. 6511. (6161111111) 6756.
6716. 6656. 1161. 1661. 6616. 7666. 611 61111 Fauno 1666.
6111111111 5616. 6111111111 11111 6661.
1111111111 6616. 6111111111 166. 116. 6666. 6776. 6676.
6111111111 666. 6661. 6666.
01111111 5616. 611116115616.
0111111111 (1) 6165. 611111111 6616.
6111111 116165. 166. 1566. 611111116666.
11116 (661111) 111.· 166. 16111. 166. 6111111111 5616.

516. 566. 765. 6566. 6676. 166611111111111 1756. 6666.

6116. 5166. 6166. 1171. 6616. 6116111111 1166. 6661. 1656. 6171.

6661. 6616 (1). Ι 5166. 6616. 1166.

11. 611111111 11161611111116666. 6111111111 16611.
61111 11111111 166. 611111115166.
1111611111 5676. 6111111666. -
1111115616. 611. 1611111111116) 6666.
61111 5656. 6111111111 166·
61111111 6161. 6111111611) 111111111 6116·
1116111111.11111111111111111115666. 6111111116167.
11111111 6166. 6166. Salodurum 11111 166.
mou. 611111. 6161. 611111,6111111566. 1761611666. 5667.
611111111116. 1166. 6616. 1655.
6111111611116616. 111. 6111111111566. 1666.
6111111 6666. 6766. 111. 611161111116. 6166.
11111111 166. 566. · · ·’ ³ 6111111111,1111116111111166661161.
111111 6666. 6761. 6666. 61111111 5616.
11161111 567611. 11161111. 6161111111, 111111 5616.
1111111111 6161. ⁴ 611111 6111111111 6661.
11111111 6666. 611111 111111111111 5616.
R. 1111111 6156» 611111111 11111 6661.
611111 111111111 6666. 516. 1611. 611111111 1111111676.
66111111 166111· 6111116111 5166.
61111111 61116111 6666. 5616. 61111111 556. 6661. 6665. ·
111111 1666. 61111111 666. 51611. 6111. 6661.
1111111 61111 1111111111 6611. 611111111 1661.
1. Rumor. 11161111. 5616. 6111161161.
61111 1666. 1677. 11111111111 6611.
6111111 6667. 61161111161. 5667.
661111 6. 166. 6111111111 11116611.
6611111 1661. 61161111 11. 15611· 6677. 6766. 5166.
1161611111 1616. 1616. 6666. 5666. 51615166. 5166. 5165. 5116. 5566.
1161111111, 61111111 156. 666. 5567. 5666. 6166. 6616.
611111, 111. 1111111615. 6111116566. 6666. 6616. 66166611
6111111111 111111111111566. 56761 o. 611111116656.

6161111. 611111111 756. ,
6111111111 5616. 6666. summotum· 16111611116111) 61611.
61111111 11111 6661. 1116111 5661 11. 6111111161.
6111111, 11111 - 1615. 1111111 6. 1556. 5661. 7616.

61111111,11111-1677. 111. 6. ι111111616166.6666. .

0111116111111111. 611111. 611. 111. h

 

