vm. 1199 murrum.

coh· 0 ο Ι Banu· Ο Ι ὕπ’ puer! 52⁹·
5515. 1. 9511555155 5499.
1. 9511555. 51115515 5499.
⁰ 11511555. 55015515 5. 11. 5149.
9551. 9501555155, ratramnum> 9575. 15155555 9575.
955. 1. 1151115555 51115515 5490.
1. 15115 9511155. 9999. 1515. 9999.
1. 915515 0511155. 0519. 1515. 9519.
555. 11 Aug. 1155515 95555515 9511155515
09575.

555. 11. 91. 1151115555 55511515 904. prm, 551,
rohsn-Brutorum 55155555 55511515 9155. 55551. 9155.
955. 111. 9515155515571994.
955. V. 9595155555 9555551115 549ος
5. 555. V. 9555551555.
955. 1. 5515515515 (corr. 5515515515) 1515. 0999.
, 9555555555 9999. '
9515111. 5555551515 515155 1155555.
rum 5449.

95511. 95515555555 5499.

955. 95515155 51 9551555555 9990.

955. 1. 95515515555 5079. urb, 5573,

955. 955151955515 9709. prm, ⁰702.

955. 1. 915515 9555555555 (1) 55511515 55551. 9709.

55511155155515 5494.

955555 5151515 Romanorum 0949. 1515. 119111,

955. 1. 55511. 5151555 9515555555 9999. 55551. 9999.
555 1. 5151555 955. ingenuorum 499. “
roh-11. 515155 Rom. 799. 55551, 7911,

955. 1. 51555155 5995. ,
955. 11. 51555155 099.Ι 9090. 55551. 099* 9990.
555. 51555155 9449. 9449. 55551. rem. 9419. 9199.

955. 1. 915515 9555555555555 9709. 55551. 9799.

0957. 09595.

555. vl. 955555555555 9597. 55551. 9597.
955. 1. Corsorum 159 55. 55551. 15955.
955. 1. Cugernorum 5449.

955. 1111. 955515 5. R· 5449.
955. 1. 955555155 9755. 55551. 9755.

555. 19155. Cyrrnrlrr 5419.

9551. 95555515 5999.
15115 95555515 9999.
5 5 55551515550150.
5 5 95591555 9999.
ι r Postumum 09111.
r 5 7515151555555 9999.
955. ... 9515515555 5599. 1515. 5599.
5551. 9515515555(95155155599159. 55551. 9159. 9710. 9717. 1999. 4199
9719971740994199544995455. 54499.
1. 51115515951155155551999. 1515. 1999.
5551111. 951551. (9515551) 5449. 9990. 55551. 9099.
555. V. 951551. 5419. 0705.
955. 1. Damascenorum 95. 55551. 95.
1. 915515 9555555555. (I) 55911515 9999. ’
1. El. 1155555. α) 55. martanorum) 55551551551115 4979.

955. 11. 9555551555 5455.

955. 1. 9115515) 5999. 5551155 5099.
I· 91. 55511515 9159. 55551. 9159.

955. 1. 95151555555 5455.

955. 9511515555 9979. 55551. 9979.

 

