150 IX. 1100 mvmcmus,

11113 quinq. 1133313 0313313113 7070. 1111313. 33133. 113

013 1113331 0000. ,1333313333 7.
131111 0004.

11313 133 quium:
,13331 3883. 3313331333.
Pompeiis 0500. 0407. 0000. 7045. mmm& 0000.
’ 11313 quinq. 1333 Venusiae 0017. ιΤθῗε θξξξο

11313013 1331. quinq. 1. 133. 7070.
3133 qq. 3113 ,333333 3833. 0311113 ¹1 3303103311· propo 333.
11311133111333131111313133. ,3057 ‚ . ι
3333333 3313. 3833. ww& 33313033333130· 1·-
11313. 1. 1. ‘V- 33133. 1131 mmmm mim ὄπ mamm n
d ''mssfm {⁰⁷92 Ι mu, 3313313333133131333311333...
’ ’ᾗὲῇροίἓᾪῗωι ⁰⁸⁸ qugnqgennm 11 1331131131 03313111
. 113133313333333113133 Pmffiquinqmm effluam·
0301333331 500. 125·
13313 quum. 9¹ 0. G· 0⁸ 1· d· 113 qq. 33333333 331.
500100 ²²⁸⁷· 03333113 1331 11333113 3313333331111,
11113 quinq· 3311333 131333335οθ0. 1133333311 0000. 0004.
1010096937· 03111113 quinquennalis 1131131311 1000.
11313 quinq. 13 proximum 1333133 ⁶150,
Sorae ⁷⁰8¹· 33 3333313333 33333 3333,
(1330333313 quinq. 3331333331. 03133333331113113 133333, 040. 0151.
0333131131 7000. 7000 331.
1111313 1331 1133313 quinquennum 00100010011111 10111· ⁸2
33333313 potestate 711333 5050. 03133333311111111 13113333 mor-7082.
1111313 quinquennalis. 1111313113, 11311333 3333313311 33133333331113113 13-
(mmmmm (mmm ,nam 1111 3331333111 1331313 1133133111 0050.
031333333311311 0333311 0711.

313 qq. 1. 31.) .
13313313 0700. 111333 7145.

Ammine 0410. 0701. Fani 0000.

1101331047· 0111311 13133 3313333333113131 03333111
111131 0000. 0701.

13333133 00113 .....-

,1313113131 0000.
1313115004. 1311111. 3333133133333313131113133133111.

,13333111 ,13311 0054. 1311113 133113103011317007.
comptae 5000. 11313 1311113 Notae 0010.
03133113 0000. 73331133 0070.
1133331131 5450. 1111313 3311113113 3313311113 3 1333111113
031113 775. 3333131330 11313311 0070.
1131331. 331. 7001. 1111311331. 331..131331331040·-·-·4100.
Foro 131. 0001. ,13303133 0707.
1131313311 0070. Comi? 0000 = 4000.
novom 0000. · 0333111131 7000.
03331331 5100. 1331117050.
03313311 0050. 0057. mom 3331.
031131 1000.“ 1133333333 0700.
03331133 0400. 113311 131. 0000.
“ 10131133 0077. 0070. 03313111 0005.
vinno 01333. 4000. 715333 0010.
1131331133 0105. 03113133 0004.
1131331131 0055. Veromo 0010.
03311131 0001. 11113111 131. 331. 1133113111 0111313 0000.
03131333 0050. 1111113 33111133
0333333331 1050. ,1331331 7007.
73313 4010. 11033 1133. 7140.
1130131 0017. 0000. comm 5000.
1111311 11 qq. 0313331 0710. 03133111 0000.

 

