11. ononiiAPmcs.

011111111111111 5101. Vin 0111111111 1171.
ii 01111 (0111111)1110. 0111111 01111- 0111111 1113. 7061.
1111130. ““ 1111111. 01011111 775. 016.
(1111111111111. 111 n. Gabinorum 1310.
Firmum 05. 3101. 7111. 7117. 0111111110.
1111111 01111111 1113. 0111111, 01111011703300.113110171.
011111113110. 0111111 3011. 1111. 1011. 1013. 1010.
011111111 103. 1000. 3171. 3171. 3177. 011111111011111111111111011101.
3011. 3010. 1175. 1107. 1010711111 7101.
oi. Pioorourrr. 01011111 3331. 3111. 1111. 61001 is·
vir 0111111111 011. 011. m. 01111111. 1105. Artorio.
1610. 3151 = 3103. 3300111. 0011. 0111111111 11101 of. coiiosoi.
1370. 5360. 1500. 6010. 61111133111151.
011111111 0061. 01111111130. 1010. 0010.
01111111 (0111111 1111111111) 5110. 1111111111111011011311031131017.
0111111111 1171. 3711. 3713. 1101. 5060. 6303. 0010. 10101010.
0111111111 ii) 3313. 1111 provincius 0111111 Lugdunensis,
i. 110111111111111111110111111111- Narbonensis, 1111111111 (mnis)
mii) 1300. 3170.
Formias 1011. 0111111 011. 1111111111. 0033.
0111111113701. 0137. 6100. 0. 1111111111 60111 s!- 1110111111.
0111111111111 00. 0. 011111170ος os. 01111111.
0111111 5¹8¹· 5¹82· G. Lugdunensis 7001 1111111111111.
111111 01111111 3701. G. Narbonensis 1011. 3100. 1177; ri.
0111111 11111700. ’ ’0111111111
1. Augustum 5101. 0. ’11111111111 101111.
i. 0111111707. 1110. 1111011111111113610. 0011. iunii.
1. 0111111 0101111111 113. 111. 111. 11111111, 10111111 11111 0. 1011.
1. 0111111 Vniionsiurrr Ouioiiururn 337. 1010.
1. 011111111100. 1110. iudex 11111 G. 3110.
1. Domitii 5110. 111111111101111111113013.
1. 01111110 6717. 0111111 sontem 11111111111111 0010.
01110111111111100.“ quinquo 11111111110111111 1171.
1. 0111111110. 01111 101. 3171. 3111. 30001311.
1. 11111111111111 070. 5110. 1130. 5111. 1113. 6017.
1. 11111 3111. 10101. 1010 (i).
0111111111111 1111. 011111111111 1011.
nunus Furuirriisnsis 1177. 3113. Gorgsrius (11 1110111111111111111)101.
1111111111111111111111111173.1111. 01110111 piens 0110.
i. iuiii 01111111 1131. 0111111111, 111111113. 111. 111.
1. 11101110. 01111 5350.
i. Segusiavorum 1111. 011111113111.
1. Sempronii 3771.1030.1063. 5110. 0111111 1111.
i. Vibii 1100. 0111111111. 1111111111111111 Pis. 6151.
011111 1005 sn. 1000 sp. Arimini 3111.
Frniunniini 3100. 0111111111 710. 1110. 1767. 3101. 3111.
01111111 1311 sp. 1017. 5011. 5110. 5101. 6701. 0011.
01111111 3300. 0111111111 (iuss 3571. 1130. 0011.
0111111 175. 0111111111 1111111700.
01111111 173. G. inirrior 170. 101. 011. 1767. 3300.
011111111115151. 5110. 5101. uuio. 6100. 1010.
0111. 171. 0. sonorior 170. 101. 3110. 3116.
0111111, 0111111 171. 171. 5101. 1011. 0101.
0111111 11 0111111111 1010. 01111111 773. 1110. 6110.
Fucinus 11111 706· (ansuinus). 01111111 150. 5110.
0111111111 00.· 6717. 01111 1135.
Fundi 1011. 5111. 01111 ring. 5311.
01111111 011. 7037. 0111111100Ι
111110111111 7171. 01111111 1110.
01111 1110. 1100. 01111111 107.
risus 01101111 1100. 0111111111 5101.

 

