111. DII. DEAE. MYTHOLOGICA 71311. 07 ’

1111. 15. 151. 33. 730. 1301. 5013.

5313. 3115.
F. 155. 1605.
3. 55111151 1610. 0067.

31151111 37. 1013. 1315. 1317. 1313.

3315. 3000.
F. 15551111155 1756.
31011 013615.
3. 155 (5111555151 0651.
3. 011 51111551130015.
3. 5155511) 31515551) 5106. 5133.
3. 55111115 1313.
310151, ι. 31511 315155.
31511 5303.

31111 311. 01. 51111. 5. 151. 351. 11551.
5111511. 151. 11. 5. 360. 061. 1600.

1706. 0070. 0071. 5051.
3. 3511515 131615.
355111001. 0107.

3115 351. 1511. ιιι. 011. 001. 1706.

0070. 0071. 5051.
3151111003. 1035. 1036. 5705.
3. 511101 1530.
F. 015151 5763.
3511511 1710. 0551111. 3511151.

3115 3111551311. 1511. 315511. 01551.
ιιι. 155. 111. 11, 5. 361. 1770. 5701.
3511551 1151. 0155115. 1111155. 01. 763.
1070. 1351. 1116. 1600 (ε 3153).
1731. 1735. 1730. 1750· 1755.
175715. 1306. 1301. 3100. 3600.
3360. 1156. 1306. 1000. 5110.

5315. 0115. 6737. 3331. 6010.
7030. 7160.

3. 51151111 5703.

3. 515511111515 0131.

F. horreorum 1361. 1630.

3. 1111155151 5. 1700. 5730.

3. 1511115 1753.

F. 5111105 175755.

F. 01515111115 1756.

3. 51511555, 01511511151517366.

3. 0151111111751.

F. 5115151515 311. 01. m. 151. 1757.
0163. 0306.

3. 5115151515 01511511111 1750.

F. 5115151115 11515 55111 1051.

3. 55111155 351. 01. 51. 151. 1760.

F. 5551155 5115151515 1111. 1155511.
05551. 511511.

3. 15051 311. 1511. 151111. 51. 051.
351. 15111. 51. 055. 330. 313. 701.
000. 1730. 173115. 1730. 1761.
1776. 1033. 5310. 5701.

3. 11051 155. 7016.

3. 1105101551 15555151 3006.

F. 11151 15511511 3311 5551515111
5151 0011111017.

31551511730. ·

3. 5151511515177. 1705· ι

3. 1555115 11551115511763.

31115 3. 155. 13.

3. 155115 1766. 1633. 5730. 5703.

F. Torquatum 1760.

3. ’15111555 1700.

F. 1115511105 (0111111501 1511-
551111115701.

3. 115115 175715.

3. 1111111311. 01. 15. 151.

F. 1151111 5705.

31115511 6115.

3. 1111511 11151. 5707.
3. 15115155 1763. 1710.
3. 151515111 1767 = 5001.

3. 11515151 0151 311. 0155115. 11111. F. 51511111115115151173015.
m· ¹⁰¹· 3551551 1356. 56035.
3. 115151 1151 1300 = 3156. 3515111111. ι. 01551.
3. 10151111 1737. 351515110100.
F· 111· 171· 10113115. 1111. 1555. 1511151. m. rur.
1305. 0165. 0166. 6137. 3703. 0511151, 1. 55111551.
3060. 5000. 5161. 7136. 0101151155. 1005.
3. 1115. 111. 1711. 0555155011 1311.
F. 5515111171οθ 05150151. ι. 55111551.
F· 00011713· 015151601. 036. 100615. 1030. 1600
3. 01510555111511711. ’ (= 31531. 373355. 1350. 0533.
111511. 0551511 1151511 5737. 3311. 7031.
3. 5115501 1733.
3. 5551511111111715. 1763. 5733.
3. 05115 5.
3. 0515700.
3. 155151111 1713·
3. 11111 175715.
3. 3151111730.
01511 F. 1717 55.
3. 555551716.
3. 51155115 5.
3. 5151111 010615.
3. 1511111155. 171015.

0. 111115555 0303.

0. 1151515155 5771.

0. 111515551706. 1577.
0. 5511111 111015.

0. 1551151 000 = 1700.
01511 0111511 0111151511
0. 115115111731.

0. 311155155 10. 1710.
0. 11111 173015.

0. 11111 (1111111 0136.

0. 1555. 111. 151. 171615.
0. 3111111651. 1350173015. .

 

