180

111111. 11111 18111111 88811.
111111. 8. 1111181181 8878.

111111. 8. 81111111 (1111111881111111117851.
111811 111111 118811188881111811181
8811118. 7888.

11. 811818188181. ,

quaestor 8111111111 1181111118 cepo·
811 (81811118 81188.

1811118111111111881 8111111101 18(-
111118118111111181 8181111 8181111181
Lugduni 1080.

11111· ¹· d· 11111111· c⁸1³⁸· ΤῖΙΙθῠΙ 8111· 88111181 111 118811111 ,111181 8111181.

1111811 (811 11118111) 518.
111111. 1111111 corfinii 7171.
111111. (181111. 8111888181 1017.

Pompeiis 8188.
1111118818.
1111111111 8188 = 8885.

pro 111118 1111. 11118181 8081.

111111. quinq. 11. (1.1) 81111111 11111
Aug. 1. 11 Tu. (11111111 Aug. 111
Aequiculis 8778.

ΤΙ. 81111111 ,118181 8878.

11. 81111111 Aug.. 1111.111811111111111
Ti. 1., 111118 11118811 (11111111 811-
1818111 Aquini 8170.

111111. (8111811111 11111811 11111.) 1818-
18181111818 1118111111 8878.
8118118111 81111111 181811181111111
18111 11 8. 8. 881111811118838.
111811 81111111 8118118111 1. 111 111111
1181811. ,11181 8877.

⁹ 8118111811111111111111818188818
...... 8111818111 1. 111111 quinq.
Praeneste 7188.

111111. 81111111 81111171111118111. Aug.
811. 1111111 111111111111181811. Ari·
1111111 7870.

1. 8., 11. 18111818811111111111111118111·
1111117088. ·

(1811181881118181 1118 18188188 imp.
881811111111181 7871.

1811181188 111118111111111881 81·
11181181, 11111111 8878.

111111. 8111118111 (7111111181111111181
1111111111811 1. 81181111 1111818

111111. 11811. 1111. 11118181 8888. 7878.

111111. 1118 1111118 8111818888.

1111118181 11111111881 881111117085.
(1818111111 8881118878. 8878.

1111111181111811811. 8111111 78881 81
111 1181188111 ordinariis 811111 1111·
8181 1188111181111111Ρ1118111811111
(8188. 851818. 7885 1181.

111111. 1111111 88111 8787.

1811818111 18118811· 8881.

11151111 1111811 7181118885.
. 11811181 8818 .-..- 7118.

*—

ww 11811 11 mmmm oo»

11181111 5888.

88111111 8888.
Ocriculanorum 8857.
181188118111111 88.

11 118818181818 ,111111 5885.

(18111181 1111111 1111118887.

8181118181. 7111.
88111181. 1181111. -
81811111 8885.
1111111 1111111181 11 1018111818111 111·
8111118181.
1111111 11111 1188. ,1118111181 1181.
111. 1181117115.
1111. 18811811 881111. 18111 8788.
11111 1111111111 11 11181118118111111
Ameriae 8888.
111188111 1181111811 1111111 5187.
8811111181 5888.
8111181181 8818.
11181181 5181.
88111111 811118.
11111181 8877. 8878.
7188111 8788.
(11811111 188.
1111881118111 1188081188 811111 8888.
11188111 1181111111 11 111818111111
1881117050.
1181171181 nummorum 1111181 1880·
,40111181 8888.
1118811181 8101.
,1111111111 5188.
,111111 8888.
,111881 8880.
8811111181 8888.
1111811 7185.
188111118188. 188.
Neapoli 8788.
8111111111.
1181811111 8188-
, 1111111111 8881. 81811111. 8811.
8111118111 8888118888.
1. 1118. 8515.
alimentorum 8111111188111111 8888,
111811181111 11111111) 11811811. 8111·
1811818881.
1111811111 11181111111111111181 8888.
,1111111 1111. ¹
111111 1118. 1118181111111111111 8188.
88111181 (11881111) 11881111181111
1111111111 7117.
8811888111 88118111 8781.

 

