V. IMPERATORES ΕΤ IMPERATORVM FAthlt. ⁷9

11111111111111. 111. 111. 111. 111.
1111111 111111. (1. 05715511.
1111. 0111. Ρ. 01111111011111111 Germ.

Ptus 11111 111. 1111. mn. 1111.

111. 111. 111. 111. 1. 1. 11111111.
050 [01]) 1000.

,11- ‚⁹:- 1111. 1111ζ vj. 1111. ἶ.
1ῠ131ῒο1111. 01111 1. procot 11. 001)

Mutuus-gt 11111111 0111111111 111. ΧΤ.
133511. 0111111111 111. 11. 005)

1111. 01111). 01111111011111111Ρ111
11111 111. 01111. 1111. 1111. 1111.

0111111 11111111111511ῆ111,

Vl. 011111. vlt (1. 00515515.
0111111181111111111. 01111111 111.

01111111 01111111 111. 0080.

0111011111 111. 1000.

01111111111111. 111111 0111111111·
111111 111. 1010.

81111111111111. 111111 0. 1. 011·
11111 111110 111. 1011.

01111111 8. 111111 1111. 0111. Ρ. 01·
11111 01111111 111. 111111 Ρ. 1111111
01111111 111111111 1110111111 011·
11111, 1111111 111111111110705.

81111111 1111011111 1111111 1007.

1011111111 01111111 1111111111 1111.
0111. 1000.

111. 0111. 111111111111111111,11-
11111 0111100111. 111111111 11
01111111 Am. 50011.

1111111111 nob· 0111. 0000. 0700.

01111 011111 Ρ. 011111111 01111111
0111111111 11111 1111. 0111. Ρ.
0111111111111111 111.. 01111 1111.
0111. Ρ. 011111101111111111.. 111-
111 Ρ. 01111111011111101111111 111.
0111. 111. 5005.

01111 1111111111 0111. 5510.

Ρ. 1111111011111111 8111111111111111·
111111. 0111. 1010.

Ρ. 011111111 01111111 1111111111
1111. 0111. 1111. 1000.

111. 0111. 111111111111111111, 01.
111. 01111111 111. 5500.

01111111 011111111 S. 111. 1111. 0111.

Ρ. 0111111118. 111. 111). 0111. 1111·
1111 1111111111 5510.
015116111111011111111 8. 111. 0111.

Imp. Q. 11111101. 01111111 Aug. 1101·
1111111 111. 101011.

11111 11111111. 111111. 01. 0101111111.
11011111111 111. 101011.

Ρ. 01111111 1111111111 111111111111111·
1111 111 (111111 01111111) 0507.

ικρῬοῗῗεᾸωΜΡΙυιοἭπιί ¹1¹:12!ttltguAnggs
011. 1111. 11111111. 1111. 111.

23³ss 1Ῑῖ 1. 1. 1111 11. 000-000)

1111. 0 1. 11. ·- 1111111111. 1010.
11115ἓω11. Ρ11111111 1111111111111.

1111. 0111. Ρ11111111 V. Ρ. F. 1010.
11111111 111111 1111111111 1017.
1111. 0111. 0. 1111111111 11111111 Ρ111
11111 111. 5510.
0. 11).)11130111 01111οι11. Ρ. Ρ. 111. (11

1111.1 0111. 11. 11101110111Ρ111111.

111. 1611. 1111. 1111. 111. 11. 111-

111. 1. 1. 1111111111 11111111

(1. 000 111 070) 1000.
0111111111 Ρ. F. 1111111111. 1111.

1111. 1111. 111. 111. 111. 111111. 1.
1. (1. 070) 1000110005.

Imp. 01110111 111. 01111111111111
11111111 1000.

01111 01. 01111111 11111111011111·
111 111111 11 111111111111111111
111. 1005.

1111.Ρξῗῖ;1.Αου.κο11111;111 1115051ἒό111 01111
. . .111. .

Ρ11111111 11111111 111. 1111. 1111.
Germ-mu. 0111111 1111. 0111111111
1111. 11111. 11111111111111.111. 111.

Ερῇοἳῑ a? 1111. 1111. 1111. 111.
1. 1. (1. 070) 1007.

111. 11111111 1. 11. 1111. 111. 111.
1. 1. 11111. 111111. (1. 070) 1000.

11111111111111111 111. 1111. 1111.
011. 1111. 11. 111. 1111. et 1111111.
1. 1. 11. 070) 1008.

0111.-111. 011. 1111.Ρ111. 1111. 1111.
1. 1111. 111. fft. (1111. fi) 1. 1.
(1. 070) 1000.

1111111111 111111111111111111011111-
111111111 1111. 1111111111111111.. ·-
Ρ111 01111 111. 1111. 1111. 1111.
ἔξὲ.) ζώω. ff. 1. 1. 111111. (1.

1111. 0111. Ι.. - [1].11111111111.
1111. 1111. 1. 1711. 111. ῙΙῙ. 011.
mmmmmmmm
11. 111.(11 (1. 0751) 5551.

n. 1.1ἒ;151111111111111111111. 1001

1111111111111. 1050.
01111 1111111111 1100.
11111111 1111 tta.
111111 81111111 111., 11111101. 1111.
111111111 1000.
111111 1111111111 5551.

 

