XI. 11116111 01116111117111. 131

1111111111 roccum, ui 11111 quitiam 11111 1331. 1566. 3635. 3731. 3733.
manu 11111111111353. 1111. 1633. 1636. 1313. 5367.
11111 iiico 1111111111 1 11111, 11111·- 5656. 5376. 6113..
uus 11111111 1111111111 1353. 1. 6111. 1. 661.
manumissi 11111111111 111111111111 1. 611111111113. 1617.
7331. · 1. Postumiorum 3365.
11 111111116331. 1. 611111111 61111111 1111 11111111
11 1111111111 procuratorio 11111111 3333.
11113111161111116111. 111111111 1. praediorum ’1166116111 1773.
111. 3676. 11111111 2111111111136.
1111111111 1111161111 11611111 11111111(11“1)7316.
. 1111111 1611111 iiius. 116.) 3367.
111111 = 11116111 3667. 111111111111111 1111111111111 3333.
1111111 1676. 1 1111111 (ric) Augurino 116. 6331.
1111113615. 11611. 1 111. (116. 11113331.
1111111111 3311. 3661. 5116. 6353. 6353. 1 11111 icccc. 1.) 6377.
7316. Aug. 116. 6376.
311111113133. 3373. 3316. 3616. cori. ,11111111 scaenicorum 3635.
5131. 5613. 6637. 6353. Ab cdmicciouc 1111. 116.) 3633. 5116.
1111111111111111116316. Ab 111111 11611111111111, Aur. 116.
Numi 27³0· 2⁸1⁷· 33731 6799· 33471 28⁸⁰·
6366. 6331. 6161. 11111111116663.
u. 111111 6111111111 111111 676. 1111111111111.
1. 01111111 61111111 Augurii 1163. 13111111 3565. 7371.
1. 1111111 liberorum 11111 3111111111 1. 11111111111111111111111613311).
11 6111111 3111161111 1111111111 111111111111111113533.
111111 5133. 11111111 11111111111 1111111131.
1. Diri 111111111 6361. 11111111 1111.
1.1111111111111111 1616. 116111111113.
61111 61111111 1111111111 1111161111 1161111 6371. 1-
11111 Pii 6356. 1111111111 71111111111333. ·
Pciroui possim. 111111111111363.
Peculium 1671. 6333. 1111111111111113.
6111113713. 3716. 1111111 3333. 1533. 1663. 6161.
uuor 3113. 1675. 1. 1111116115.
61111 possim. 11116111 3577.
1. publici u. 111 pubi. officia minora 1111111111 1111.
11111 municip. off. 111111. 11111111 6655.
1. 11111111 11 sociorum 3336. 11111611. 1111111ἰί, Cucc- 11. 3336.
11111 iugiiiri 3630-3633. 6361. unior 3333.
Ι11111111 6333. 11111111 3111.
61111 11111111 3331. 1. Aug. 1. 3313. 3663. 6331.
1111111 1111111 3033. 7133. 1. 6111161111 111. 11111115171.
7111 3313. 3611. 1371. 1313. 1111611111, 1116111111 iiomoc 1333.
11111113533. 11 municipiis 1. officio municipalia.
1111116357. Archimrgiruc. Aug. 16363.
71116111111617. 3633. 1777. 5773. 11161111113663. 3635. 6166.
711111 porum. rrohimimi 611111 31113.
1. 116111133311111, 1116111111 rui temporis 111111 1713.
Aug. 116. 11111 1111111111 3137. 1111111111 1115. 5331. 5333.
111111111 dior 1111116115. 171113111613333. 1115.
3111111111 3311. 11111111, 1. 11111111.
1111111111 313. 335. 1116133313311
cs. coiicuio. 11115111.
11111111 1111111116 Augusto 36311 5⁸¹·:3⁸:::¹J⁸2;⁰⁸3“83}¹⁷⁹¹⁷'
εἴ· “mm-Qum mm· 16 1. 0111111161111111111115331.
11111111 3533 -. 11611111. ,b ,ο „Morio (em. n.) 28⁹7.
111111111111 611111, 11111, 3335. ,d „mmm „omnum 1„ cmm
11111111 6331. 6311,

1111111111 36331 11. 611111111. 161111111111111111, 11111. 1161361.

..Ι-,-

 

