166 1x. RES MVNICIPALIS.

66611 eug. 1661111111161611111161611· 166111 11. 11. 1611611111 1616611661)

161 Dertonae 1011. 116. 6111. 6070. 0171.
61611166. 1166616161 111 111116 6116611 161611116111116611116161661611116167.

61116611111616111611111116111 1611111 6061.

6061. Mercurialis 61 1616111111 6661.
66111166. 161116. 6. [66666111. 11161661 1161666661 61 1666111111
1116111661 166611111661 6161111161 61611· Nem 1116.

tum 611661 6787· 3788 16· 111. Mercurialium Augusteum 1111111·

⁴ 0166 1116611611 1661661111.
16661161116116611111166. 1661166051.
1116666611 1671. 1676. 6160.

66611 113611111161111ῗ4666661661116. ⁶· 111111111111616·

11 66666111 11 Augustam 116116 11161161111161611617111·
1671. 16111111· 71166111 7106.

6116611111 Veronae 1671. 1111661111 66111 116661116, 6616111116-
6116611111 66116111661116; 661670. 11111116 61611116611111 611661611 611·
66611 1116111111 6116616111) 6161. mene· 6661611111 111611 1666.

cremonae 1715. 16 1111116611 6661616111 616611111611
1661656111111111 Aqui! 8111111ᾶῦ111 6616111116111116166111118666
Aug. 61 1111611111 6111661 6111616111 1111 9001} 11 paon„ 6116661166 cumn.

1166611161 111 616166 6661161 Tu· 11611166111661.
dem 122⁸ = 372⁰· 6166166116111 6661.

166. 61116161111611 Veronae 0055. Legatum nummorum 6166166111·
1116611111 1670. 1161661 6661.
maenam Luceriae 6051. ’1111111661116 6611616111161111 6611·

1111111161 1660. 6061. 161 61 1661616616 61611161116111166
11661611 16611116116111 Pisauri 1061. 6666.

6166 1111611111 (1) 1166161661 16611161· 1161661161 11116166 6611661 6161.

116111 616661111111116. 11111661 666611 1111111111 60.

1111111161 11111 111 (1661166611) 1. 1161116611 6666116611. 6661.

166. 1166. 1166661661 1111611 1111161111 1056·

6. 6. 16611111 161166611161 16611161· 1161161116111116516.

111111) l· 111· 57³⁴· 161661161 111111· 6616.

1661611111. 166111166- 161611616060. (amaea 661161.)
concordiem Patavii 1165. 16666 6161161 61 111 66616111661611611

1666111111 661661611111166. 1661. 6611161 1017.
nemeaea· 1666111161 Tibure 1066· 11611666116161116111766.

1751. 1671. 6166166111. 6065. 111 1111111 6611.

fl. 1. 616111 61611616661161116171· 61111161 6661. Serae 70611 61161611
bure 6161. 66111111.

6611161 1161661166616111 161611611661 6161161166166611661611616131.
ded. 1061. 1751. Faleriis 3611.

161611111 11. 1. 166. 1751. 1111161111· 6176.
111. 111166116661 611666116111 116. 1161116111 6671.

3434· rmmuufldfi ⁰⁹8⁰· ,
1111116161 6611661611 71011 6166116616. Veronae 68·

1661161 1161111111 1611161666· 6066. 616111 66111116 1666 6611111616 611661·

16111166.11111111116661ε6165. 1111 6110111111 Aug· 11661 616
“mmm Mum· 0037, Tergestinis 16166 7166.

mmm,- 23⁸2· 6661111661 Perusiam.

Brundisii 0066, commonentium 1616611116 1666161611

Naronae 1615. 6161116111 6767.

nudem 131. 3858. Commode 16111166 6707.

61166161 Mercurium 11611161 6007. Toranio 7166.

m. 6611. 111116111116111 66666111 1·1111111(16111111111181111616617·
6010. Communem 66111166 6161161 7111.
61. 1161666116 Naronae 1615. eampum„ lemme 1¹³2.

 

