66 V. 111111111701198117 1Μ11111170117Μ 11111111.

016111. 166. 16166. 166. 799.
0161 91. 166. 836. 837.
11611116 116111 7661611 66 911661666
666611.
016691. 9196.
016111. 166. 5466.
(111161 6161 1161111666 11 Sabinam 6. 6611
Hadrianum.)
111661 1161116661 66166 16166166 864.
1166. Caesar Traianus 1161616661 ,166.
3389. 8488. 5319. 6086
6. 6. 0577.
16661116 01616616166611166 66166166

1616666111 1161616661 166. 9958.
3016. 3904·- 4011. 5950.

1166. 71616666 661611661166. 8319.

1666. 1161116661 166. 3571. 3817.

6. 6661. 616,
sufflamus 1666. 1161616666 166.

1111616661 166. 815.
9166366611ῃὲ8666111611661 11. 166. 133.

11. 1666666166 599. 3898.
111661 11. 511. 801. 1101. 9759. 3186.

1616. 6166110161 766116191119161 1.
0161 1761616 61661 11. Aug 666111.
mu· mb- [909111 009· m· β. βι
16661161 7666616166 (66116119)

0161 1766666 666661 66666 0161 7161161
96616161017661666111.166.6661.

310186.1616.661.1Τ.666.1Τ1(1.119)
1166. (11261. 0161 7161161 7161111611.
11161 1761666 6, 71116661 11. 166.
6661. 1616. 1611666111. 666111.
166166116111616 119) 867.

6661 6661. 1111). 661. ΙΤΙ. 666. ῙΤΙ
(,)6110(90 )809.

65 221² 1116. 661. 17. 661. 1Τ1 (6. 190)

6.16.1616.661.7.666.111616661.
6(1611 91111118 ¹11¹0t. 7 666. 1Τ1. 66116161
maximusque 66166661 (6. 191) 3749
616 1116. 661. 7Τ1. 6611Τ1 (6.193)
3564. 0659.

6. 61. 1616. 661. 7111. 661. 1Τι. 666666.
(a. 19115155.

6. 66. 1116. 6611ἶ. 666. fif (6. 1951

3703. 3805. 4666. 5480. 6961. 6483. 5103

6498. 6501. 0990. 7116. 7179.
71901. 6611 66161666116666166666
161 usqua 61 6666661166

01616611. 666661166. 818.

1166. 6161. 0161 7661661 96661611,
0161 11666666. 71611661 1161616661
166. 0419.

(06 aerata anauniae 661111616 116
1161661 6. 615459.)

1666. 6666. 0161 061161616617661661
066161 76616161 61. 76111661 116-
1116666 166. 6661. 6611. 111666
661. 661. 11. 6. 6. (1. 118) 5336

1616. 6666. 0161 1766166 7161661 1.
1161616 66661 11. 71616661 166,
0661661 66111661 01116661666 61661·
6666 6666161661-666116166 6661.
6166. 1611166111. 66611. 6. 6.
(1. 118) 80616.

1666. 6611. 0161766116196116161 1. 0.
1116661 6. 71116661 1161616661 166.
6. 66. 1616. 661. 11. 66611 (1. 118)

- 1616. 6666. 0161 7161161 1161161611.
016111666166.1161111661166.6661.
1666. 1616. 661. 661. 1116. 6.(16111
ab 6119) 514.’

1616. 6666117161666111.166.6.16.

1116661661. ΙΙΤ. 6. 6. (16616 ab 06661116 1166116616666 1666666716· 1

(1.119) 349. 797. 9314. 4089.

6.16.1116.661.ἷ1.661.1“11(1.197)
18595 5.459

1616. 6661, 01617661161-166, 161. 71..
1. 0161 1766616666 1111111. 66111
6666671616661 11. 166. 6661. 6661.
1616. 661. 711. 6. 6. 666. 1Τ1(6. 198)
970039309.

1166. 6166. 0161 7611661 1116161611.
0161 1766666 6 76616666 11. 166.
6661. 6116, 1616. 661.Ι ΧΤΙΙ, (1) 666
111. 6. 6. (6. 1991159876

6ί 66132) 1616 ,1661 11.71. 666. sn. 6 6
6

6. 61. 1616. 661. Γ7111. 1616. 1Τ.666.
11Τ, 6. 6. (6.1341 5157.

6. .6. 1616. 661. ῗῑῑ. 1616.Πῖ666.
61310176. 6. 66111616 66166666 (1.185)

6. 61,1616.661.ἷ7.1166. Π. 661. 11Τ.
6. 6. (6. 130) 53818. 9986, 91011
61. 4981. .-

6616. 1616. 661, 7111.666.1“11“ἶ1616.
11 (6. 137) 8ss=⁸YL

6. 611. 1616. 661.ΧΤ11.1616.1“1.666.
1Τ1. 66 ..(6 188) 5459.

11116116 1101.

1161 66161161 166. 6. 6. 891.

1168111ἓ1166 16661161 666.1Τ1.6.6.966116616ἔ.0·1.166.6166.71611611161611111

 

