79 9. 1911911011511 191911101111111111111.

119. 9111. 91. 11. 1111111111111711-
1111911119. 1. 1111111 111. 999.

119. 9111. 111111111111111111,1119.
111. 111. 11111. 9111111111. 9111. 9.
9111111 1). ’1111111 111111 1111111911
9111111 111. (1. 959) 5599.

119. 9111. 11111111 1111111111 eos.
91111 1111. 9111. 9. 9111111 Q. ’111-
1111 91111 9119111111 1111111 111.
(1. 951) 995. .-

mmmwfflmmst
111) 91111 1111. 9111. -9119111111
111. 11111111. 1119.111.11. 111.
11. (11111. 111. (111 1119. 111. 111.
111. 111. (111. 19) 111111 1111111 111·
111 (1Ι 959 111951) 5519.

91111111 1111111111. 1. 1111111 5599.

9. Valeas 9111911111 caesar.

9. 911111 9111191111 999.

91111111 119. 9111. 9911111119 5599.

9. 911111 91111111111911111119111·
111 119. 9111. 91. lma. 9111. 9111111
Q. ’1111111 91111 11111119119111111
1111. 1111. 1111.1119.111.11. 111.

51}5 gulas. ιιι. 1. 1. 1111111111)

119. 9111. 11111111 11111111111119.

111. 1111 1119. 111. 1Ῑ1 91111 1111.
9111. - 9119111111 111. ponus-nex.

1119. 111. Quos. 1111111111111-11
1119. 111. 111. 111. 111. 1111. 1111)
1. 1. 111111 (1. 9591111951) 5511.
119. 9111. 1119. 111. 11. 11111111
1111111111, 91111 111. (1. 951) 5599.
11111. 9111. 9. 9191111 Treboniam Gal·
111 9111 91111 111. 999.-
1111. 1111. 1119111. 111. 11. 1. 1.
(1. 9591111.) 991. 5511.

-ο

pont. 1111. 1119. 111. 1111. 111. 11.
1. 1. 1111119. 9511101111.

1111. 9111 ..... 911111 111. 5999.

11111 M. 1. 91111111 91911111 11. f. 1111·
91911 911111. 11.-991.
11111. 9111. 9. 919111 9111111111 1111

1111.. 9111. 9. 919111191111 911111
99111111111911111111191119191
11111111 111. 5971.

1111. 9111. 9. 919111 191111911·
1111111111 (111) 9111111111 91111
111. 5511.

11119111. 9. 919111 111111 (1111.
191111) 9111119. 9. 991.

1111. 9111. 9111111111111. 5999.

1111. 9111. 9. 919111 1191111 911111
9. 9. 911191111111. 1111. mss.

1119. 111. fl*⁸ eos (1. 9591 999.

1111. 1111. 1119. 111. 1111. 111. 11.
1. 1. 11111111. 95111999.
11111. 9111191111911111111111111111111.
1111. 9111. 11. 11111. 11119111119111
9111111111111111. 1111. 11111119.
111 1. 1. 111111 (1.95915519.
9. 1. 9. 1111911111 111. 19913
11111. 9111. P. Lles'as‘us 9111111111111.
1111. 9111. 91911111 9111111111 9111
91111111. 9957.
9111 91111 11111111111. 5919.
1111. 9111111111111. oola.
9. 1. 9111111111111. 19891 11. 9959.
uleus 9111111111 111111 1111. 9111
91111 911111 11111111 1111. 1999.
(111 temporibus 9111111111· 11 91111111
computanda 11111111111111111111111-
eolus 11111, quum 111 ordisse 11191-
alalos 1111111111 111111111111·
1111.

1111. 9111. 9. 11111111 9111111111

11111111 9111-91111 111. 111. 19
111111- 1111. 911. 1111111919.
111. 111 (1. 951) 5191.

1111. mss. 1119. 111. 111. 111. 1.1.
111111. (1. 9551) 5999.

1. 1111. 111-11ζ 1111911111111. 1119.
111. 111. 111. 111111 (1. 955 111
ululasse. ,- .-
1111111119. 111. 9111. 111 (1.
959) 599. -

11111.1.111111191111111111 111. 1111 (1.
957) 9111. -

1111- 9111- 9. 11111111 9111111111
911191111 111. 1. ΨΜ. 1111. ·

1119. 111. 911. 111. 1111. p· 1. 111·
111 (1. 95911999.
11111. 9111. P. Llolalus 9111111111 1111.

1111. 9111911111111 9111111119111
91111111. 9957. 5519.
111111119111 91111111. 1999.

9111111 11 11111111 1111. 911111111

9111 91111111. 119.

1111. 911111111111. 9799.
91119111111911111111 111. 1. 1911.
11. 1.(111111111111. 49991 11. 9959.
91911111 111111191111111 11111111
911111111111111 111. 1919.

lma. 9111Ι 9. 11111111 91111111 911-
111111 911191111111. 1111. mex.
1119. 111. 111. 111. 111111 1. 11.
(1. 955) 1991.

1. 111-11. 1. (1111111111) 1. 1,
111. 11. o-a· (1.95911195911999.

1111. 9111. 11111111 91191111 9111
9111111911111111. 1111. mss. 911·

 

