i

ii 11. unoumiiici„

Lugdunenses 6705. 6666. 6686. 611611115515 65. 1627.
6111555511661. 111 nuni. mediolanensis 1606.
6551 5120. 661161116555111 111615111111116167.
Lune Pien in Tussis 5121. 151. 6115611 (65515161111655. 16111

L. Heinsius 6666.ι . 1762.

15561111 inin* 2576. 61661511165111 2666. 6605.

65111156 25. 16215. 685. 2226. 2356. Mediomatricos 266615.
2756. 3128. 6606. 3666. 6766. 11661551161116116 6526.
6761. 6767. 6166151 6676.

1511651 5660. 5633. 5666. 6516. 11165111626.

6657. 66571. 6166511151565.

61611111 5515611515256. 11111551 nesus

616155116612. 6616. 11601551 51551 ’

Lycen 6665. 0610. 111166611565161 162.

11111 3666. 5651. 6666; n. 2151565111. Melitensium 5151161511156166.

Lyciorum 6515111511 6676. 1115156760. 5655.

Lycus 632. 6666. 8656615210.
Lydus 617. 6161155611 6121.
1116665511562. 616. 622, 1176. 3166. 6161151616 1111515616.
6658. 3065. 6651. 6666. 6506. 1111555616 6161. 6030.
, 6668. 0611. 6626. 1161151161 66·
111611 6. 5121. 11111111 667115. 5210.
Regin 11165116616111515 528. 6111151511 5122.
11111111 5626. 111111511 67621.
1115111, 116111 111 103102136111168 ³548. Minnodunenees vimi 336.
11155116 667. 1 Minturnenses 836. 6782. 6506.
111155 166. 176. 6611511 Minturnensium 5566.
611115111,111115 6666. 61115611561111 5267.
1116116260. 6111111551 2652. 6622. 7006.
municipium siusium Mninniieniim 15151111 Misenensis 6606.
7621. 1165511651 5151516616.

11111611151 6628. 6111111111 seii.

61115116 colonie in 111611 5520. 1161111756. 662. 1566. 3266. 6636.
1111110511 15015. 11. inierint 1551. 2276. 5150. 5651.
1111511151 11111 106. 5677. 6668. 6657.

1115611151 511111 106. 11. 15561151 1176. 2276. 6636. 5280.
11115161111 3121. 56365632. 5680. 66666666· 6817,
6111151 6666. 6856. Mysis 515 6151111 2276.

11515111 111 5. 2186 = 1605. 6156116686.

6115156551737. 1155551116551 6070. 5266. 7151.
11111111 5210. 11551151 367815. 5167 (i). 5626. 5660.
61111111 6061. 5666. 6711. 68571.
111111111 16551158. 11551561651 5208.
611151111151111116115616- 1151151 5211. niis.
nisisi 5666. nn 1151515 5216.
61. 1111111111 3166. 6161616 087.
Ad 1111111 5210. Regin 115115115111 6115.
1111111111 nesus 6666. 115561 60615.
1111151167621. 1611111115 6608.
11111661, 151551 6111111 6077. 6683. nurgum. 11115.
5266. 526615. 5055. 1151116261. 7615.
11116111 5205. 66161151113066. 6607.111.11,5.11.
61161111511 167615. 1151111 2227. 5210. 5767.
Amen 11. 6502. . 6151116116 nini.
61. 6111116116 1776. 6655. 6672. 1151151687.
6662. 6653. 111161116601315. uniens.

11. 8111115111 6672 5576. 5578. Nemnis 186.

61. 71556151 665. 6576. 1111111161 206.

Menti iiiiii. 6562. 5616. 1115111161 15015.

isaurum 5611 5565. 11116216.

11161011115616. 111161 216. 5210.

 

