vn. RES PVBLICA ROMANORVM. 105

smmmmmmm.
mmmmmww
6653. 6506. 6706. --111175311Ι
6161111 1111111 561. 566. 565. 556.
wemsmsmmmmw
mmmmm
mmmwwm

red. 111. 11536.
sesnes 1111111 566. 677. 6653. 3161.
6371. 66666666. 6666. 6666.
11611111111611) 11111111 677. 3163.
3166. 3363. 3656. 6667. 6765.
1111111111 116111166.
1161111111 111111111 11 monumento 111-
111 1111111 111116355.
,1161111111 1111111 3166.

stmfflfflmmmm
676. 663. 766. 763. 773. 6661176.
1176. 6656. 6673. 6367. 6366.
6760. 3066. 3166. 3106, 3166. 3165.
317311. 3176. 3177. 3366. 3566.
3661. 3667. 3665. 6616. 6656. 5156.
5176. 5166. 5606. 5356. 5356. 5366.
5666. 5631. 56365650. 5656. 5660.
5666. 6016. 6016. 6060. 6051. 6650.
6651. 6656. 66561. 6663. 6661.
6663. 6665. 6666. 6561. 6566. 6766.
6611. 6615. 6666. 7666. ,76601.

11. 11. 61111111113673. 5650.

11. 11. 1116161111 133. 6376. 6756.
3651. 5666. 5506. 6016. 6066.
6666. 6500. 6506.

1111611111111111161611116113153.

11. 11. 1116161111 (11111111 111773.

1111. 0111111611111 3166.

11. 11. 1111111, 11 utroque 611111
1116161111 11111 7111111 1111. 3176.

61161611110111111111 1111111111 111-
6115666. .

* 66111111 1111111161111111 77. 766.

766. 666. 6666. 5666, 6766.

61111111 111111 7111111111 11 11111

Tito 1111111151111111 1170.
11111111111111 1111. 6161111611.
1111111. 611111. Aur. Commodo

1111111111611 611111 611. 3716.
10111 611111 Antonino 6656.
11111111 11111 1661111111 111. 6111611
6111111611. Germ. 11111113166
(Tribunos 11111· 111111111116111111·
1111111111. 111111.)

· 0111111111 133. 165. 611. 536. 561.
566. 563. 565. 556. 556. 566. 576.
566. 566. 655. 665. 660. 11061167.
1166. 6151. 6366. 3066. 3106. 3136.

3161. 317311. 3363. 3667. 3851.

6371. 5356. 5358. 5366. 5636. 5677. ’

5660. 5766. 6650. 6653. 6663. 6663.
6665. 6663. 6665. 6666. 6611. 6666.
0. 6111111111 11116111111111 11111-
11111 omnes. 111111 11 1111111111

. 11111111115317.

0. 6111111111 senorum xxm} 3716.
011161611111130. 1131. 1166. 6666.
6351. 6356. 3066. 30663151. 3156.
3166. 3163. 3166. 3165. 3656. 3766.
5176. 6661. 6661. 6506. 6503. 6516.
0. 11161611111 11111. 67613136. 6007.

1111. 6111. 1111111 7111111111. .

Germ. 011111 3366.

0111 'Beleni 61115111 6006.

0111 111611111 76601.

11111 61611111 1111611111111111
1111111 11111111111111111 6111-
111111 611151111111111 111111-
11111 111111111 6666.

1111. Cres. 11. 111. 0111116161·
1111111111. 6116111111 5003.
1111. Cres. 111111. 61111111 611

6111111 111. 6376. ν
0. 111. 3135. 3153. 3566. 6656.
5667. 5656. 5666. 6016. 6666.

01111. 11 116111 11111111 111.

11. 11. 111111 1111111111 ,1111111

0. Augustorum 6673.

1111. 61111111 Aug. 66561.

61111111 Aug. 111773.

11111 1111. 1171. 611111113166.

71. 61111111 750.

71. Cres. 1111. 763. 306611. 7666.

11111 611111111131363610, 5666.

11111 711111161116111 5666.

11111 1116111111 Aug. 6501.

1111. 61111111 Aug. ΡΙΙ 6051.

0,1111.1176.

Q. 1111111111 1666. 6653. 6676. 3166.
3166. 3656. 5066. 5666. 5635. 5676.
5676. 5506. 5656. 6063. 6050. 6656.
6667. 6500. 6765. 6766. 7166.

Q. 111 1111111315011.

66111111 1 Tr. 6111611 0111111
11111111 0111111111, 111 1111111
quaestor 111 1111111111 11111
11611111 praeesset 1111111 61·
111116656.

0. 1111111111 11111111 5666. 6060.

6111111 1176. 6367. 6377. 6706.
6756. 3661. 5066. 5501. 6016.
6016. 6651.

11111 6506. 6706.

011111111 11 111111111 1111
[1111116617.

 

