vm. RES MILITARIS.

mmmmmw.

11111 xvl 311111 334. 3333. 3333·

3313. 3437. 1111111334. 3333. 3434.
31111131111113333. 11111. 111111. 3313.

311111 111 11111111 3343. 11111. 33. 334. 3343. 3331. 3431.
311111 111111 33. 334. 4333. 3434. 11111111 4333. 3743. 3371.

11111331 311. 3135.
11111 331 3. V. 343311. 11111111111 11111111 343311.
(1111111311 311111 1111. 111. xm 3. 311. 3373.)
11111 mx 331. 111111111 331.
11111 33111 31111111 3333.

¹ 1111111 3333. 3733.

11111. 11111. 3533.
11111311 333. 333. 473. 1331. 131511. mh, mm, 133, 1111,

⁵⁸⁸⁷· 18031835. 1111. 1111. 111111. 1111.
11315139 XX 11111. 3333. 3333. 3454. 11111111. 3371.

. 1111111113354.
3111111 1111111133. 31133. 3354. 3333. centurio 33113. 3457. 3433.
3733. 3377. 3433. 3431. 3535. 115111111114373.
4313. 5735. 31113. 3333. 3371. 1111111111113431.
1111111. 333. 333.
. 1111111111 3335.
11111 XX 3111111111 351311.
. , 1 11111.1111.1.1.1543.

1111. 111 11. 111. 111. 1111. 1111. ζῗῇ,ζ”“·ώζῗ3·

11310 m '⁸⁹⁸¹ ¹⁵⁴⁹· ³3⁴¹· ³³⁷⁸· 111111113341.
3373· ⁶⁹⁴³· 1111111111 111. 3373.

1111111111 443.
11111 1.... ...
3 . C §vl (311111111 1111111. 31, 111 3111111111111111) 441. 443.
3 1311111111 11 433.
11111111 3733.
magn& gffibgffw. m ffiff'fflua. 5111. 1111. 1111.
(1111131111 1111111111 1111. 111. 111 1111111. 3443.
3113333.) 11111111 511. 531. 531.
51. 111. 3733.
11111 1111 3111111111 513. 3333. 1115. 513. 3334.
3334. 11111111 3333.

11111 XXI! 1111111111 733. 3135. 1111111 5433.

3333. 3333. 3433. 3353. 4374. 11111.111.55113. 3533.

5314. 5433. 5453. 5533. 3533. 1111. 1111. 733. 333. 3135. 3353. 5733.
3537. 3343. 3313. 3313.

1111111111 111 3111111 333. 1331. 1111111. 3434.

1335. 1337. 3331. 3347. 31133. 11111111 1337. 31137. 4374. 5453. 3537.
3131). 3135. 3434. 3533. 3337. 3731.

4317. 5733. 3711. 31313311. 11. 111. 3733.

111111111111 1. 1. 1. 433. 11111131111111113311.
11111111115333. 1111111111 1111111111 131.
1.111.....131. “ 111111113331.

11111111111 51131. 111111 5733.

(11111 ml 111.. 1 333.)
11111 1171 3433 1111111111 1111111111111111111111111433.

(1.1111 xm 1111. m 1111 313313.)

1111111. 11111111. 1111. 111. 111. i

 

